1 1.99912
2 2.00397
3 2.01176
4 2.02324
5 2.03904
6 2.05839
7 2.08201
8 2.10744
9 2.13648
10 2.16801
11 2.20191
12 2.23942
13 2.27869
14 2.31883
15 2.35867
16 2.39949
17 2.44167
18 2.48385
19 2.52496
20 2.56629
21 2.60932
22 2.65118
23 2.69185
24 2.73343
25 2.77383
26 2.81281
27 2.85026
28 2.88698
29 2.92232
30 2.95591
31 2.98785
32 3.01911
33 3.04835
34 3.07909
35 3.10884
36 3.13712
37 3.16526
38 3.19307
39 3.21932
40 3.24548
41 3.27307
42 3.29887
43 3.32549
44 3.35174
45 3.37836
46 3.40491
47 3.43063
48 3.45695
49 3.48361
50 3.50957
51 3.53599
52 3.56299
53 3.59118
54 3.61788
55 3.64545
56 3.6735
57 3.70251
58 3.73165
59 3.76074
60 3.7892
61 3.81868
62 3.84751
63 3.87744
64 3.90689
65 3.93591
66 3.96401
67 3.99332
68 4.02243
69 4.05191
70 4.08179
71 4.1109
72 4.13975
73 4.16975
74 4.19942
75 4.22985
76 4.25996
77 4.29114
78 4.32205
79 4.35248
80 4.38191
81 4.41291
82 4.44175
83 4.47133
84 4.50038
85 4.52994
86 4.56003
87 4.59098
88 4.6204
89 4.64981
90 4.68067
91 4.71074
92 4.73994
93 4.76951
94 4.80035
95 4.83133
96 4.86195
97 4.893
98 4.92464
99 4.95585
100 4.98763
101 5.01823
102 5.05018
103 5.0818
104 5.11378
105 5.14485
106 5.17668
107 5.20861
108 5.24131
109 5.27261
110 5.30553
111 5.33821
112 5.37079
113 5.40366
114 5.43739
115 5.47067
116 5.50457
117 5.53826
118 5.57239
119 5.6067
120 5.63961
121 5.67342
122 5.70764
123 5.74167
124 5.77521
125 5.81016
126 5.84631
127 5.8819
128 5.9161
129 5.951
130 5.98611
131 6.02066
132 6.05717
133 6.0931
134 6.12848
135 6.16473
136 6.20121
137 6.23805
138 6.2741
139 6.3114
140 6.349
141 6.38643
142 6.42486
143 6.46087
144 6.49996
145 6.53821
146 6.57919
147 6.61745
148 6.65663
149 6.69523
150 6.73556
151 6.77489
152 6.81483
153 6.85488
154 6.89661
155 6.93747
156 6.97617
157 7.01693
158 7.05773
159 7.0981
160 7.13843
161 7.1797
162 7.22072
163 7.26236
164 7.30403
165 7.34631
166 7.38792
167 7.43001
168 7.4726
169 7.51528
170 7.55863
171 7.60204
172 7.64607
173 7.68952
174 7.7347
175 7.77946
176 7.82447
177 7.86945
178 7.91497
179 7.96033
180 8.00608
181 8.05146
182 8.09634
183 8.1434
184 8.19165
185 8.23961
186 8.28734
187 8.33532
188 8.38141
189 8.4278
190 8.47655
191 8.52528
192 8.57461
193 8.62459
194 8.67463
195 8.72579
196 8.77287
197 8.82396
198 8.87454
199 8.92405
200 8.97543
201 9.02952
202 9.08305
203 9.13584
204 9.18799
205 9.24188
206 9.29609
207 9.35009
208 9.40335
209 9.45656
210 9.51129
211 9.56573
212 9.62278
213 9.68212
214 9.74161
215 9.79941
216 9.85877
217 9.91558
218 9.97345
219 10.03108
220 10.0893
221 10.14906
222 10.20892
223 10.26872
224 10.32748
225 10.38686
226 10.44618
227 10.50704
228 10.57029
229 10.63228
230 10.69428
231 10.75516
232 10.81772
233 10.88136
234 10.94425
235 11.00965
236 11.07242
237 11.13829
238 11.20696
239 11.27254
240 11.33964
241 11.40782
242 11.47515
243 11.54099
244 11.6102
245 11.68017
246 11.74761
247 11.81519
248 11.88577
249 11.95448
250 12.02742
251 12.10024
252 12.1702
253 12.24257
254 12.31833
255 12.39336
256 12.46857
257 12.54086
258 12.61712
259 12.69395
260 12.77262
261 12.8489
262 12.92592
263 13.00248
264 13.0826
265 13.16328
266 13.23951
267 13.32154
268 13.40243
269 13.48073
270 13.56354
271 13.64341
272 13.72346
273 13.80581
274 13.8885
275 13.97372
276 14.06049
277 14.15094
278 14.24094
279 14.32629
280 14.41338
281 14.50295
282 14.59054
283 14.68
284 14.77012
285 14.8587
286 14.95116
287 15.04651
288 15.1387
289 15.23455
290 15.32583
291 15.42051
292 15.51599
293 15.61152
294 15.71265
295 15.80779
296 15.90411
297 16.00668
298 16.10584
299 16.21001
300 16.31423
301 16.41827
302 16.52252
303 16.62453
304 16.72794
305 16.83492
306 16.94176
307 17.05491
308 17.16415
309 17.27633
310 17.38835
311 17.50328
312 17.62072
313 17.73393
314 17.84557
315 17.95924
316 18.07485
317 18.19323
318 18.31496
319 18.43872
320 18.56119
321 18.67883
322 18.80491
323 18.93038
324 19.05386
325 19.17763
326 19.3022
327 19.4285
328 19.5554
329 19.6849
330 19.81544
331 19.94739
332 20.08199
333 20.21837
334 20.35745
335 20.49944
336 20.63648
337 20.77919
338 20.91932
339 21.06242
340 21.20482
341 21.34497
342 21.48986
343 21.63374
344 21.7801
345 21.92959
346 22.08284
347 22.23444
348 22.39099
349 22.55103
350 22.70369
351 22.86291
352 23.02419
353 23.18716
354 23.35412
355 23.51445
356 23.67663
357 23.84109
358 24.00671
359 24.17594
360 24.35301
361 24.52976
362 24.70426
363 24.88159
364 25.05479
365 25.23635
366 25.41248
367 25.59535
368 25.78754
369 25.97624
370 26.17008
371 26.35982
372 26.5519
373 26.73751
374 26.93374
375 27.12962
376 27.33042
377 27.52759
378 27.72441
379 27.92707
380 28.1288
381 28.32956
382 28.53921
383 28.75492
384 28.96948
385 29.18212
386 29.39112
387 29.6089
388 29.82781
389 30.05023
390 30.27977
391 30.50147
392 30.73187
393 30.96449
394 31.21461
395 31.44905
396 31.69205
397 31.93989
398 32.18946
399 32.43088
400 32.67889
401 32.93699
402 33.19432
403 33.4499
404 33.70972
405 33.97194
406 34.23919
407 34.51675
408 34.78608
409 35.0665
410 35.34795
411 35.63297
412 35.91025
413 36.20552
414 36.49824
415 36.79585
416 37.0875
417 37.38533
418 37.68756
419 37.99096
420 38.29687
421 38.61471
422 38.93258
423 39.26022
424 39.58222
425 39.91085
426 40.22974
427 40.55127
428 40.89621
429 41.23495
430 41.58363
431 41.94365
432 42.29277
433 42.64968
434 43.00707
435 43.38209
436 43.74661
437 44.1173
438 44.49436
439 44.877
440 45.26432
441 45.64842
442 46.05447
443 46.46417
444 46.87018
445 47.28204
446 47.68934
447 48.10978
448 48.5162
449 48.95132
450 49.38696
451 49.80341
452 50.23214
453 50.67908
454 51.13802
455 51.59481
456 52.05938
457 52.52987
458 53.0136
459 53.49178
460 53.97903
461 54.46101
462 54.96953
463 55.46721
464 55.965
465 56.46322
466 56.96434
467 57.49226
468 58.02058
469 58.55493
470 59.08148
471 59.63338
472 60.18253
473 60.74301
474 61.32207
475 61.88634
476 62.46688
477 63.04153
478 63.63311
479 64.23377
480 64.82212
481 65.44967
482 66.07045
483 66.68413
484 67.30647
485 67.96062
486 68.59697
487 69.2437
488 69.90569
489 70.56479
490 71.23236
491 71.90993
492 72.58969
493 73.28374
494 73.99219
495 74.70434
496 75.42872
497 76.15757
498 76.91543
499 77.66395
500 78.42507
501 79.19168
502 79.96274
503 80.75696
504 81.52768
505 82.32417
506 83.15037
507 83.96589
508 84.79147
509 85.60345
510 86.44506
511 87.28527
512 88.13646
513 89.0287
514 89.90837
515 90.77275
516 91.67473
517 92.58008
518 93.50813
519 94.41636
520 95.34315
521 96.29197
522 97.2399
523 98.20713
524 99.21727
525 100.18587
526 101.16505
527 102.15328
528 103.18422
529 104.19071
530 105.2443
531 106.26853
532 107.31019
533 108.37702
534 109.47192
535 110.53794
536 111.61932
537 112.76249
538 113.89119
539 115.0106
540 116.14779
541 117.29419
542 118.45813
543 119.64446
544 120.86142
545 122.03223
546 123.24611
547 124.46633
548 125.69809
549 126.94522
550 128.21132
551 129.49134
552 130.76747
553 132.06399
554 133.35899
555 134.68756
556 136.00712
557 137.35817
558 138.71431
559 140.07238
560 141.4259
561 142.80779
562 144.19872
563 145.61935
564 146.99776
565 148.45712
566 149.89569
567 151.28346
568 152.74578
569 154.23006
570 155.70562
571 157.22899
572 158.76058
573 160.26656
574 161.815
575 163.34325
576 164.86672
577 166.40976
578 167.92913
579 169.46227
580 171.01311
581 172.61516
582 174.24417
583 175.89474
584 177.53664
585 179.14374
586 180.77962
587 182.47442
588 184.12497
589 185.84737
590 187.55207
591 189.25255
592 190.99674
593 192.71715
594 194.44887
595 196.21246
596 197.95409
597 199.74183
598 201.50658
599 203.28869
600 205.08208
601 206.89242
602 208.68356
603 210.48465
604 212.33267
605 214.18648
606 215.97994
607 217.80997
608 219.6435
609 221.52854
610 223.37488
611 225.18363
612 227.01153
613 228.89285
614 230.80884
615 232.70927
616 234.62012
617 236.48223
618 238.33645
619 240.20382
620 242.12268
621 244.03234
622 245.96263
623 247.85102
624 249.77906
625 251.71634
626 253.62842
627 255.61911
628 257.62314
629 259.57177
630 261.54049
631 263.49212
632 265.4537
633 267.44819
634 269.4377
635 271.38029
636 273.3661
637 275.3448
638 277.29296
639 279.26053
640 281.23683
641 283.17693
642 285.15287
643 287.10887
644 289.03824
645 291.02875
646 292.98072
647 294.96838
648 296.90288
649 298.8356
650 300.76554
651 302.77131
652 304.76443
653 306.71915
654 308.71301
655 310.73934
656 312.71288
657 314.64498
658 316.59753
659 318.51344
660 320.44333
661 322.42397
662 324.35592
663 326.25703
664 328.17365
665 330.07558
666 331.97293
667 333.87522
668 335.77349
669 337.67281
670 339.60478
671 341.52541
672 343.43474
673 345.3478
674 347.23414
675 349.10675
676 350.98721
677 352.85837
678 354.77671
679 356.62726
680 358.53619
681 360.41537
682 362.30976
683 364.11198
684 365.9213
685 367.79351
686 369.62299
687 371.45998
688 373.26941
689 375.10248
690 376.88736
691 378.70028
692 380.51536
693 382.33158
694 384.14198
695 385.89991
696 387.64647
697 389.40022
698 391.12238
699 392.85978
700 394.62455
701 396.30044
702 398.02733
703 399.78769
704 401.55054
705 403.2655
706 405.01339
707 406.74758
708 408.44802
709 410.14729
710 411.84352
711 413.54322
712 415.22053
713 416.93177
714 418.6247
715 420.26817
716 421.91456
717 423.58607
718 425.2545
719 426.90414
720 428.52673
721 430.15825
722 431.80849
723 433.4517
724 435.05746
725 436.69735
726 438.31482
727 439.90143
728 441.48295
729 443.08296
730 444.67036
731 446.26404
732 447.85774
733 449.43986
734 451.00649
735 452.595
736 454.18173
737 455.73809
738 457.32886
739 458.87944
740 460.42737
741 461.96181
742 463.47612
743 464.9981
744 466.52444
745 468.05672
746 469.58624
747 471.10676
748 472.57832
749 474.05673
750 475.53129
751 477.01717
752 478.50873
753 479.99021
754 481.46967
755 482.95457
756 484.4375
757 485.8946
758 487.34757
759 488.83897
760 490.30951
761 491.76625
762 493.20658
763 494.64277
764 496.0656
765 497.49597
766 498.92004
767 500.32102
768 501.74341
769 503.15786
770 504.58259
771 505.97835
772 507.38494
773 508.80612
774 510.20158
775 511.62607
776 513.03131
777 514.43257
778 515.82265
779 517.19639
780 518.60121
781 519.968
782 521.34888
783 522.71705
784 524.0767
785 525.44278
786 526.78169
787 528.12371
788 529.48306
789 530.8318
790 532.16608
791 533.51525
792 534.87101
793 536.1927
794 537.53112
795 538.86219
796 540.20292
797 541.53594
798 542.85534
799 544.1634
800 545.47419
801 546.78366
802 548.10082
803 549.4031
804 550.72026
805 552.02347
806 553.32142
807 554.61706
808 555.92224
809 557.20822
810 558.50093
811 559.7925
812 561.06515
813 562.33901
814 563.5963
815 564.87744
816 566.14865
817 567.41701
818 568.68331
819 569.92791
820 571.20374
821 572.46675
822 573.73144
823 574.97424
824 576.21743
825 577.47764
826 578.72506
827 579.94538
828 581.17937
829 582.41753
830 583.64383
831 584.87237
832 586.10134
833 587.31812
834 588.54121
835 589.75884
836 590.97127
837 592.19685
838 593.40946
839 594.62731
840 595.83096
841 597.02998
842 598.22547
843 599.41071
844 600.61065
845 601.80811
846 603.00349
847 604.18667
848 605.37959
849 606.56794
850 607.75995
851 608.93508
852 610.11211
853 611.28633
854 612.46079
855 613.63379
856 614.80136
857 615.97646
858 617.1365
859 618.29531
860 619.45981
861 620.61188
862 621.75443
863 622.89517
864 624.04796
865 625.19506
866 626.33996
867 627.4782
868 628.62965
869 629.7798
870 630.9182
871 632.045
872 633.1755
873 634.32215
874 635.4463
875 636.55251
876 637.69216
877 638.8163
878 639.93419
879 641.05679
880 642.17969
881 643.29342
882 644.40623
883 645.5176
884 646.63309
885 647.73661
886 648.83656
887 649.93721
888 651.05093
889 652.15086
890 653.25791
891 654.35626
892 655.44114
893 656.53609
894 657.62498
895 658.7097
896 659.79153
897 660.87035
898 661.94359
899 663.01638
900 664.09289
901 665.15677
902 666.22944
903 667.29534
904 668.36095
905 669.42855
906 670.48642
907 671.54823
908 672.62312
909 673.67501
910 674.73365
911 675.77389
912 676.81666
913 677.86272
914 678.91154
915 679.95907
916 681.00425
917 682.0511
918 683.08099
919 684.12027
920 685.15747
921 686.18121
922 687.2085
923 688.24859
924 689.27007
925 690.30586
926 691.32679
927 692.35099
928 693.373
929 694.39923
930 695.42484
931 696.43604
932 697.4498
933 698.46241
934 699.47424
935 700.49401
936 701.49911
937 702.51405
938 703.52372
939 704.52326
940 705.52191
941 706.51589
942 707.51003
943 708.50548
944 709.49852
945 710.49061
946 711.47714
947 712.46724
948 713.45297
949 714.43829
950 715.41391
951 716.37988
952 717.35654
953 718.3243
954 719.29463
955 720.26275
956 721.23379
957 722.20322
958 723.17601
959 724.14
960 725.10664
961 726.07518
962 727.04408
963 727.99394
964 728.95611
965 729.90719
966 730.85467
967 731.81707
968 732.7675
969 733.72232
970 734.67778
971 735.63089
972 736.57988
973 737.52614
974 738.46736
975 739.41083
976 740.34586
977 741.28374
978 742.21305
979 743.14918
980 744.08821
981 745.01047
982 745.9372
983 746.8702
984 747.79431
985 748.71264
986 749.64015
987 750.5635
988 751.47966
989 752.3973
990 753.31115
991 754.2234
992 755.13683
993 756.04633
994 756.95463
995 757.86767
996 758.78245
997 759.6901
998 760.59865
999 761.49728
1000 762.39703
1001 763.29169
1002 764.19366
1003 765.08712
1004 765.97684
1005 766.86108
1006 767.74772
1007 768.63882
1008 769.52156
1009 770.41152
1010 771.30409
1011 772.1854
1012 773.06686
1013 773.95569
1014 774.83391
1015 775.7166
1016 776.59254
1017 777.46592
1018 778.34321
1019 779.21949
1020 780.08622
1021 780.95143
1022 781.82374
1023 782.69335
1024 783.56349
1025 784.42282
1026 785.2885
1027 786.15102
1028 787.02046
1029 787.87888
1030 788.74304
1031 789.60016
1032 790.4684
1033 791.32436
1034 792.18335
1035 793.03512
1036 793.89553
1037 794.75375
1038 795.59689
1039 796.43779
1040 797.2873
1041 798.12781
1042 798.96996
1043 799.80811
1044 800.64784
1045 801.48548
1046 802.33257
1047 803.17368
1048 804.01545
1049 804.85128
1050 805.67812
1051 806.50788
1052 807.3358
1053 808.16456
1054 808.99354
1055 809.81648
1056 810.63981
1057 811.46889
1058 812.29785
1059 813.11878
1060 813.9442
1061 814.76598
1062 815.5751
1063 816.38686
1064 817.20229
1065 818.02126
1066 818.83698
1067 819.65121
1068 820.45516
1069 821.26719
1070 822.07111
1071 822.87532
1072 823.682
1073 824.49027
1074 825.30224
1075 826.10555
1076 826.90724
1077 827.70494
1078 828.49452
1079 829.29725
1080 830.0963
1081 830.88303
1082 831.66964
1083 832.46616
1084 833.25464
1085 834.05228
1086 834.838
1087 835.62442
1088 836.4106
1089 837.18972
1090 837.978
1091 838.76834
1092 839.54629
1093 840.32399
1094 841.10905
1095 841.88334
1096 842.66633
1097 843.43799
1098 844.20798
1099 844.97865
1100 845.74822
1101 846.52073
1102 847.30006
1103 848.06685
1104 848.83737
1105 849.59976
1106 850.36649
1107 851.13424
1108 851.90413
1109 852.66826
1110 853.42854
1111 854.19591
1112 854.95925
1113 855.72199
1114 856.47648
1115 857.23086
1116 857.98456
1117 858.73867
1118 859.49031
1119 860.23759
1120 860.99396
1121 861.7444
1122 862.4888
1123 863.23147
1124 863.9765
1125 864.72217
1126 865.46844
1127 866.21341
1128 866.95798
1129 867.6952
1130 868.43592
1131 869.17835
1132 869.91844
1133 870.66094
1134 871.39496
1135 872.12796
1136 872.86903
1137 873.60248
1138 874.33197
1139 875.05398
1140 875.78993
1141 876.51397
1142 877.25008
1143 877.97833
1144 878.70422
1145 879.42773
1146 880.14997
1147 880.87365
1148 881.60096
1149 882.33093
1150 883.04967
1151 883.76546
1152 884.48631
1153 885.20392
1154 885.92154
1155 886.63575
1156 887.34809
1157 888.06231
1158 888.77118
1159 889.48142
1160 890.18476
1161 890.89748
1162 891.59826
1163 892.29785
1164 893.00224
1165 893.70486
1166 894.40845
1167 895.11104
1168 895.81733
1169 896.51795
1170 897.21069
1171 897.90568
1172 898.60082
1173 899.29303
1174 899.99073
1175 900.68508
1176 901.37788
1177 902.07069
1178 902.76382
1179 903.45176
1180 904.13867
1181 904.82606
1182 905.50812
1183 906.19731
1184 906.8915
1185 907.57854
1186 908.25821
1187 908.94068
1188 909.61795
1189 910.29894
1190 910.97781
1191 911.65836
1192 912.33791
1193 913.01339
1194 913.68901
1195 914.36286
1196 915.03381
1197 915.70725
1198 916.37255
1199 917.04108
1200 917.71574
1201 918.38966
1202 919.05648
1203 919.72551
1204 920.39562
1205 921.05747
1206 921.72486
1207 922.39202
1208 923.05471
1209 923.7218
1210 924.3779
1211 925.03664
1212 925.69555
1213 926.34962
1214 927.00339
1215 927.66021
1216 928.31612
1217 928.96405
1218 929.6162
1219 930.26428
1220 930.92278
1221 931.57616
1222 932.22705
1223 932.87605
1224 933.52731
1225 934.17866
1226 934.82006
1227 935.46486
1228 936.11179
1229 936.75823
1230 937.3975
1231 938.03974
1232 938.67624
1233 939.31939
1234 939.96076
1235 940.59804
1236 941.22979
1237 941.86439
1238 942.50222
1239 943.1393
1240 943.77532
1241 944.40432
1242 945.03625
1243 945.66327
1244 946.29935
1245 946.93079
1246 947.56292
1247 948.19162
1248 948.81811
1249 949.4541
1250 950.08231
1251 950.71381
1252 951.33908
1253 951.96528
1254 952.58964
1255 953.21088
1256 953.83433
1257 954.45373
1258 955.07201
1259 955.68436
1260 956.29921
1261 956.91934
1262 957.53744
1263 958.1505
1264 958.76599
1265 959.38319
1266 959.99909
1267 960.61018
1268 961.22276
1269 961.83546
1270 962.44285
1271 963.05246
1272 963.66238
1273 964.2713
1274 964.87577
1275 965.48914
1276 966.0989
1277 966.70586
1278 967.30548
1279 967.91367
1280 968.51662
1281 969.11481
1282 969.71205
1283 970.30987
1284 970.91285
1285 971.51294
1286 972.11043
1287 972.70954
1288 973.30478
1289 973.89947
1290 974.50002
1291 975.10004
1292 975.70162
1293 976.29747
1294 976.88745
1295 977.48244
1296 978.07967
1297 978.67647
1298 979.26713
1299 979.85994
1300 980.45039
1301 981.03636
1302 981.62437
1303 982.21316
1304 982.80048
1305 983.38441
1306 983.96729
1307 984.54797
1308 985.12532
1309 985.7085
1310 986.29452
1311 986.8716
1312 987.44817
1313 988.02104
1314 988.59768
1315 989.17597
1316 989.75684
1317 990.33466
1318 990.90387
1319 991.47823
1320 992.05491
1321 992.628
1322 993.20239
1323 993.77799
1324 994.3482
1325 994.91872
1326 995.48584
1327 996.06007
1328 996.63192
1329 997.19708
1330 997.76059
1331 998.32341
1332 998.89148
1333 999.45769
1334 1000.01897
1335 1000.57836
1336 1001.13402
1337 1001.69529
1338 1002.25615
1339 1002.81658
1340 1003.37393
1341 1003.93069
1342 1004.49191
1343 1005.0501
1344 1005.60943
1345 1006.16896
1346 1006.72362
1347 1007.28096
1348 1007.8298
1349 1008.38366
1350 1008.94051
1351 1009.48929
1352 1010.04154
1353 1010.59063
1354 1011.14064
1355 1011.69335
1356 1012.24681
1357 1012.79709
1358 1013.3475
1359 1013.89463
1360 1014.43908
1361 1014.97966
1362 1015.52479
1363 1016.07304
1364 1016.61282
1365 1017.15798
1366 1017.70334
1367 1018.24573
1368 1018.78904
1369 1019.33545
1370 1019.88387
1371 1020.42524
1372 1020.96318
1373 1021.49938
1374 1022.03559
1375 1022.57163
1376 1023.10752
1377 1023.64479
1378 1024.18301
1379 1024.71612
1380 1025.25664
1381 1025.79126
1382 1026.32045
1383 1026.8508
1384 1027.3815
1385 1027.91041
1386 1028.44194
1387 1028.97379
1388 1029.49875
1389 1030.02671
1390 1030.55583
1391 1031.08665
1392 1031.6089
1393 1032.13887
1394 1032.66369
1395 1033.1845
1396 1033.70475
1397 1034.22879
1398 1034.74618
1399 1035.26934
1400 1035.79061
1401 1036.31339
1402 1036.83355
1403 1037.35363
1404 1037.86855
1405 1038.38535
1406 1038.90285
1407 1039.41657
1408 1039.93918
1409 1040.46009
1410 1040.97338
1411 1041.48718
1412 1041.99702
1413 1042.51384
1414 1043.02645
1415 1043.53981
1416 1044.04944
1417 1044.55605
1418 1045.06567
1419 1045.57985
1420 1046.09241
1421 1046.59924
1422 1047.10564
1423 1047.61658
1424 1048.12416
1425 1048.62651
1426 1049.13701
1427 1049.6428
1428 1050.14811
1429 1050.6519
1430 1051.152
1431 1051.65727
1432 1052.16418
1433 1052.6653
1434 1053.16452
1435 1053.66192
1436 1054.15881
1437 1054.66067
1438 1055.1622
1439 1055.66023
1440 1056.15961
1441 1056.65337
1442 1057.15521
1443 1057.64855
1444 1058.13937
1445 1058.6337
1446 1059.12709
1447 1059.61827
1448 1060.11336
1449 1060.60561
1450 1061.10285
1451 1061.59236
1452 1062.08346
1453 1062.57466
1454 1063.06872
1455 1063.55959
1456 1064.04467
1457 1064.53059
1458 1065.0167
1459 1065.50443
1460 1065.99091
1461 1066.47976
1462 1066.96483
1463 1067.44566
1464 1067.93397
1465 1068.41865
1466 1068.90143
1467 1069.38509
1468 1069.86253
1469 1070.34051
1470 1070.8176
1471 1071.29567
1472 1071.77817
1473 1072.25557
1474 1072.7325
1475 1073.20778
1476 1073.6865
1477 1074.16142
1478 1074.63547
1479 1075.11306
1480 1075.58995
1481 1076.06533
1482 1076.5428
1483 1077.01957
1484 1077.49615
1485 1077.96933
1486 1078.43843
1487 1078.91495
1488 1079.38511
1489 1079.85717
1490 1080.33058
1491 1080.79908
1492 1081.27047
1493 1081.7428
1494 1082.2098
1495 1082.67724
1496 1083.1444
1497 1083.61427
1498 1084.08169
1499 1084.54923
1500 1085.01535
1501 1085.48133
1502 1085.9503
1503 1086.41633
1504 1086.87874
1505 1087.3383
1506 1087.80181
1507 1088.26465
1508 1088.72733
1509 1089.18941
1510 1089.65174
1511 1090.11224
1512 1090.57234
1513 1091.02986
1514 1091.4874
1515 1091.94622
1516 1092.39781
1517 1092.85038
1518 1093.3073
1519 1093.7633
1520 1094.21881
1521 1094.67117
1522 1095.12358
1523 1095.57444
1524 1096.02774
1525 1096.48238
1526 1096.93721
1527 1097.39139
1528 1097.84709
1529 1098.29395
1530 1098.74049
1531 1099.18733
1532 1099.6367
1533 1100.08866
1534 1100.54191
1535 1100.99099
1536 1101.44025
1537 1101.8883
1538 1102.33312
1539 1102.77616
1540 1103.22124
1541 1103.66422
1542 1104.10286
1543 1104.5502
1544 1104.99316
1545 1105.43506
1546 1105.88064
1547 1106.32368
1548 1106.76692
1549 1107.20432
1550 1107.64329
1551 1108.08429
1552 1108.52374
1553 1108.96288
1554 1109.39876
1555 1109.8353
1556 1110.2746
1557 1110.7063
1558 1111.14328
1559 1111.57782
1560 1112.01511
1561 1112.44891
1562 1112.88772
1563 1113.32266
1564 1113.75255
1565 1114.18397
1566 1114.61907
1567 1115.05247
1568 1115.48913
1569 1115.92328
1570 1116.35633
1571 1116.78032
1572 1117.21154
1573 1117.64116
1574 1118.07224
1575 1118.50088
1576 1118.92932
1577 1119.36142
1578 1119.78891
1579 1120.22138
1580 1120.64945
1581 1121.07583
1582 1121.49739
1583 1121.92284
1584 1122.34818
1585 1122.7741
1586 1123.19773
1587 1123.62087
1588 1124.04006
1589 1124.46807
1590 1124.89064
1591 1125.3075
1592 1125.73107
1593 1126.15144
1594 1126.57194
1595 1126.9911
1596 1127.41138
1597 1127.8328
1598 1128.25301
1599 1128.67174
1600 1129.08594
1601 1129.50756
1602 1129.92419
1603 1130.33868
1604 1130.75828
1605 1131.17673
1606 1131.58949
1607 1132.00578
1608 1132.41907
1609 1132.83521
1610 1133.24982
1611 1133.66228
1612 1134.07838
1613 1134.4867
1614 1134.8996
1615 1135.31142
1616 1135.72085
1617 1136.13513
1618 1136.5457
1619 1136.95763
1620 1137.36986
1621 1137.77981
1622 1138.18894
1623 1138.59844
1624 1139.00585
1625 1139.41954
1626 1139.83091
1627 1140.23748
1628 1140.64319
1629 1141.0461
1630 1141.45282
1631 1141.85815
1632 1142.26221
1633 1142.66795
1634 1143.07825
1635 1143.4818
1636 1143.88962
1637 1144.29356
1638 1144.69417
1639 1145.09529
1640 1145.4957
1641 1145.89792
1642 1146.29843
1643 1146.69729
1644 1147.09566
1645 1147.49499
1646 1147.89218
1647 1148.29172
1648 1148.69661
1649 1149.09284
1650 1149.48946
1651 1149.88536
1652 1150.28241
1653 1150.67924
1654 1151.07703
1655 1151.47473
1656 1151.86928
1657 1152.26736
1658 1152.66533
1659 1153.05984
1660 1153.45005
1661 1153.84343
1662 1154.23374
1663 1154.62458
1664 1155.01862
1665 1155.41574
1666 1155.80613
1667 1156.19128
1668 1156.58008
1669 1156.97147
1670 1157.35904
1671 1157.74889
1672 1158.14093
1673 1158.5255
1674 1158.91269
1675 1159.30065
1676 1159.68551
1677 1160.07438
1678 1160.46115
1679 1160.84746
1680 1161.23584
1681 1161.62135
1682 1162.00309
1683 1162.39007
1684 1162.77376
1685 1163.15681
1686 1163.54122
1687 1163.92679
1688 1164.31172
1689 1164.69491
1690 1165.07672
1691 1165.459
1692 1165.84125
1693 1166.21998
1694 1166.59808
1695 1166.97551
1696 1167.35694
1697 1167.73156
1698 1168.10953
1699 1168.48792
1700 1168.86692
1701 1169.24874
1702 1169.62963
1703 1170.00751
1704 1170.38441
1705 1170.76165
1706 1171.13707
1707 1171.51514
1708 1171.89075
1709 1172.26269
1710 1172.63866
1711 1173.01157
1712 1173.38607
1713 1173.75929
1714 1174.13099
1715 1174.50269
1716 1174.87349
1717 1175.24315
1718 1175.61201
1719 1175.98545
1720 1176.35338
1721 1176.72383
1722 1177.09438
1723 1177.46758
1724 1177.83698
1725 1178.2067
1726 1178.57249
1727 1178.9383
1728 1179.30957
1729 1179.67676
1730 1180.04269
1731 1180.40793
1732 1180.77312
1733 1181.14233
1734 1181.50746
1735 1181.87157
1736 1182.23786
1737 1182.60733
1738 1182.97123
1739 1183.3348
1740 1183.6955
1741 1184.06017
1742 1184.42227
1743 1184.78519
1744 1185.15143
1745 1185.51503
1746 1185.87786
1747 1186.23776
1748 1186.5999
1749 1186.96006
1750 1187.31948
1751 1187.68175
1752 1188.03824
1753 1188.39792
1754 1188.76057
1755 1189.12433
1756 1189.48269
1757 1189.84319
1758 1190.20058
1759 1190.55611
1760 1190.91175
1761 1191.26932
1762 1191.62526
1763 1191.97998
1764 1192.338
1765 1192.69385
1766 1193.04723
1767 1193.40707
1768 1193.76127
1769 1194.11412
1770 1194.47081
1771 1194.82872
1772 1195.18181
1773 1195.53469
1774 1195.88738
1775 1196.24014
1776 1196.59154
1777 1196.94738
1778 1197.29965
1779 1197.65289
1780 1198.00325
1781 1198.35586
1782 1198.70378
1783 1199.05184
1784 1199.40099
1785 1199.75267
1786 1200.10119
1787 1200.44998
1788 1200.79475
1789 1201.14178
1790 1201.49267
1791 1201.84181
1792 1202.19313
1793 1202.5423
1794 1202.88708
1795 1203.23445
1796 1203.57883
1797 1203.92358
1798 1204.26778
1799 1204.6099
1800 1204.95764
1801 1205.29964
1802 1205.64195
1803 1205.98449
1804 1206.32459
1805 1206.66514
1806 1207.00649
1807 1207.3518
1808 1207.69565
1809 1208.0371
1810 1208.37595
1811 1208.71785
1812 1209.05924
1813 1209.40095
1814 1209.73913
1815 1210.0789
1816 1210.41888
1817 1210.75747
1818 1211.09972
1819 1211.43726
1820 1211.77616
1821 1212.11392
1822 1212.45262
1823 1212.78913
1824 1213.12484
1825 1213.46486
1826 1213.80072
1827 1214.13682
1828 1214.46639
1829 1214.80095
1830 1215.13662
1831 1215.47444
1832 1215.80978
1833 1216.14444
1834 1216.47647
1835 1216.80806
1836 1217.1412
1837 1217.475
1838 1217.80655
1839 1218.1417
1840 1218.47127
1841 1218.80702
1842 1219.14197
1843 1219.47157
1844 1219.80118
1845 1220.13156
1846 1220.46517
1847 1220.79556
1848 1221.12537
1849 1221.4531
1850 1221.77791
1851 1222.10165
1852 1222.43286
1853 1222.75809
1854 1223.08551
1855 1223.40892
1856 1223.73568
1857 1224.0629
1858 1224.38816
1859 1224.71709
1860 1225.04482
1861 1225.37371
1862 1225.7014
1863 1226.02923
1864 1226.3537
1865 1226.67804
1866 1226.99867
1867 1227.32678
1868 1227.6482
1869 1227.97129
1870 1228.29454
1871 1228.61816
1872 1228.94054
1873 1229.2629
1874 1229.58589
1875 1229.90874
1876 1230.22753
1877 1230.55096
1878 1230.86903
1879 1231.18924
1880 1231.5107
1881 1231.83005
1882 1232.15117
1883 1232.46923
1884 1232.78948
1885 1233.10463
1886 1233.42547
1887 1233.74418
1888 1234.06285
1889 1234.38129
1890 1234.70003
1891 1235.01779
1892 1235.33786
1893 1235.65636
1894 1235.97765
1895 1236.29221
1896 1236.60584
1897 1236.92132
1898 1237.23948
1899 1237.5559
1900 1237.8671
1901 1238.17927
1902 1238.49146
1903 1238.80407
1904 1239.11332
1905 1239.42328
1906 1239.7373
1907 1240.04725
1908 1240.36392
1909 1240.67742
1910 1240.99435
1911 1241.3063
1912 1241.61927
1913 1241.92979
1914 1242.23886
1915 1242.54747
1916 1242.85754
1917 1243.16847
1918 1243.47796
1919 1243.78747
1920 1244.09844
1921 1244.40494
1922 1244.71442
1923 1245.02445
1924 1245.32934
1925 1245.63689
1926 1245.94598
1927 1246.25062
1928 1246.56118
1929 1246.86612
1930 1247.17589
1931 1247.48125
1932 1247.78628
1933 1248.09044
1934 1248.39401
1935 1248.69737
1936 1249.00424
1937 1249.30717
1938 1249.61074
1939 1249.91528
1940 1250.21847
1941 1250.52143
1942 1250.82201
1943 1251.12397
1944 1251.42746
1945 1251.72824
1946 1252.02703
1947 1252.32963
1948 1252.63038
1949 1252.93132
1950 1253.23866
1951 1253.53795
1952 1253.83904
1953 1254.1393
1954 1254.44215
1955 1254.74192
1956 1255.0434
1957 1255.34534
1958 1255.64694
1959 1255.94967
1960 1256.24643
1961 1256.54339
1962 1256.84318
1963 1257.1386
1964 1257.436
1965 1257.73687
1966 1258.03714
1967 1258.33451
1968 1258.63168
1969 1258.92636
1970 1259.22229
1971 1259.51814
1972 1259.81545
1973 1260.10996
1974 1260.40668
1975 1260.70027
1976 1260.99561
1977 1261.29132
1978 1261.58717
1979 1261.88509
1980 1262.18021
1981 1262.47576
1982 1262.77021
1983 1263.06575
1984 1263.35765
1985 1263.65181
1986 1263.94469
1987 1264.24029
1988 1264.53171
1989 1264.82352
1990 1265.11531
1991 1265.40794
1992 1265.69901
1993 1265.98802
1994 1266.27907
1995 1266.57108
1996 1266.86326
1997 1267.15509
1998 1267.44498
1999 1267.7314
2000 1268.01944
2001 1268.30456
2002 1268.59353
2003 1268.88293
2004 1269.17051
2005 1269.45904
2006 1269.74517
2007 1270.03633
2008 1270.32436
2009 1270.61279
2010 1270.89756
2011 1271.18119
2012 1271.46748
2013 1271.75332
2014 1272.03912
2015 1272.3273
2016 1272.61322
2017 1272.89813
2018 1273.18112
2019 1273.4617
2020 1273.74436
2021 1274.02959
2022 1274.31187
2023 1274.59704
2024 1274.88377
2025 1275.16556
2026 1275.44863
2027 1275.73426
2028 1276.0162
2029 1276.29719
2030 1276.57735
2031 1276.86147
2032 1277.14276
2033 1277.42269
2034 1277.70404
2035 1277.97957
2036 1278.25686
2037 1278.53609
2038 1278.81753
2039 1279.10037
2040 1279.37961
2041 1279.65571
2042 1279.93541
2043 1280.21598
2044 1280.49339
2045 1280.77566
2046 1281.05343
2047 1281.33177
2048 1281.61195
2049 1281.89066
2050 1282.16841
2051 1282.44466
2052 1282.71882
2053 1282.99648
2054 1283.27304
2055 1283.54792
2056 1283.82395
2057 1284.10154
2058 1284.37692
2059 1284.65083
2060 1284.92619
2061 1285.20272
2062 1285.47789
2063 1285.75168
2064 1286.02486
2065 1286.29918
2066 1286.57338
2067 1286.84708
2068 1287.11773
2069 1287.39116
2070 1287.6655
2071 1287.9382
2072 1288.21008
2073 1288.48547
2074 1288.75965
2075 1289.0306
2076 1289.30103
2077 1289.57217
2078 1289.8451
2079 1290.11562
2080 1290.39175
2081 1290.6597
2082 1290.93176
2083 1291.20384
2084 1291.47417
2085 1291.74237
2086 1292.01302
2087 1292.28169
2088 1292.54956
2089 1292.81578
2090 1293.08312
2091 1293.35042
2092 1293.61765
2093 1293.88294
2094 1294.15029
2095 1294.42055
2096 1294.68442
2097 1294.95177
2098 1295.21877
2099 1295.48597
2100 1295.75168
2101 1296.01731
2102 1296.28368
2103 1296.54731
2104 1296.81234
2105 1297.07506
2106 1297.33576
2107 1297.59854
2108 1297.86412
2109 1298.13086
2110 1298.39665
2111 1298.66116
2112 1298.92353
2113 1299.18966
2114 1299.45039
2115 1299.71482
2116 1299.97769
2117 1300.23772
2118 1300.50057
2119 1300.76406
2120 1301.02665
2121 1301.28955
2122 1301.551
2123 1301.81394
2124 1302.07598
2125 1302.33904
2126 1302.59905
2127 1302.8617
2128 1303.12224
2129 1303.38028
2130 1303.64229
2131 1303.90374
2132 1304.16449
2133 1304.42066
2134 1304.68158
2135 1304.94431
2136 1305.20423
2137 1305.46392
2138 1305.72144
2139 1305.97898
2140 1306.23937
2141 1306.49785
2142 1306.75958
2143 1307.02067
2144 1307.27913
2145 1307.53816
2146 1307.79335
2147 1308.05127
2148 1308.3068
2149 1308.56026
2150 1308.81561
2151 1309.07102
2152 1309.32914
2153 1309.58606
2154 1309.84384
2155 1310.09735
2156 1310.35383
2157 1310.60876
2158 1310.86096
2159 1311.11504
2160 1311.36924
2161 1311.62567
2162 1311.87874
2163 1312.1339
2164 1312.38761
2165 1312.64117
2166 1312.89527
2167 1313.15013
2168 1313.40532
2169 1313.65946
2170 1313.91239
2171 1314.16466
2172 1314.4136
2173 1314.66722
2174 1314.91777
2175 1315.1685
2176 1315.42121
2177 1315.67048
2178 1315.92084
2179 1316.17121
2180 1316.42531
2181 1316.67844
2182 1316.92811
2183 1317.17763
2184 1317.43211
2185 1317.68586
2186 1317.93169
2187 1318.17819
2188 1318.42568
2189 1318.67495
2190 1318.92301
2191 1319.17431
2192 1319.42198
2193 1319.67149
2194 1319.91932
2195 1320.16492
2196 1320.41178
2197 1320.65929
2198 1320.9078
2199 1321.15475
2200 1321.40184
2201 1321.64769
2202 1321.89669
2203 1322.14133
2204 1322.38922
2205 1322.63329
2206 1322.87758
2207 1323.12034
2208 1323.36672
2209 1323.61373
2210 1323.86023
2211 1324.10398
2212 1324.34815
2213 1324.59266
2214 1324.83783
2215 1325.08122
2216 1325.32487
2217 1325.56637
2218 1325.80785
2219 1326.05213
2220 1326.29644
2221 1326.54093
2222 1326.77884
2223 1327.02398
2224 1327.26559
2225 1327.50892
2226 1327.74956
2227 1327.98922
2228 1328.2309
2229 1328.4724
2230 1328.71228
2231 1328.95217
2232 1329.19165
2233 1329.43142
2234 1329.67517
2235 1329.91352
2236 1330.15471
2237 1330.39437
2238 1330.63598
2239 1330.8772
2240 1331.11686
2241 1331.35463
2242 1331.59343
2243 1331.83166
2244 1332.0706
2245 1332.31058
2246 1332.54772
2247 1332.78408
2248 1333.02223
2249 1333.2597
2250 1333.49516
2251 1333.73092
2252 1333.96855
2253 1334.20389
2254 1334.43995
2255 1334.67479
2256 1334.91198
2257 1335.14373
2258 1335.37775
2259 1335.61246
2260 1335.84741
2261 1336.08574
2262 1336.32013
2263 1336.55557
2264 1336.79095
2265 1337.024
2266 1337.25782
2267 1337.49265
2268 1337.72563
2269 1337.95577
2270 1338.18905
2271 1338.42398
2272 1338.65789
2273 1338.89046
2274 1339.12521
2275 1339.35666
2276 1339.58984
2277 1339.82361
2278 1340.05936
2279 1340.29109
2280 1340.52663
2281 1340.75879
2282 1340.99071
2283 1341.21889
2284 1341.45191
2285 1341.68273
2286 1341.91438
2287 1342.14526
2288 1342.37424
2289 1342.60675
2290 1342.83467
2291 1343.06841
2292 1343.29792
2293 1343.52609
2294 1343.75633
2295 1343.98593
2296 1344.21658
2297 1344.44691
2298 1344.67666
2299 1344.909
2300 1345.13519
2301 1345.36448
2302 1345.59022
2303 1345.81816
2304 1346.04595
2305 1346.2741
2306 1346.50367
2307 1346.73003
2308 1346.95779
2309 1347.1829
2310 1347.40934
2311 1347.63621
2312 1347.86211
2313 1348.08828
2314 1348.31464
2315 1348.54145
2316 1348.76501
2317 1348.99139
2318 1349.21789
2319 1349.4433
2320 1349.66595
2321 1349.8899
2322 1350.11751
2323 1350.34172
2324 1350.56695
2325 1350.79182
2326 1351.01546
2327 1351.23927
2328 1351.45981
2329 1351.68281
2330 1351.90773
2331 1352.13072
2332 1352.35487
2333 1352.57872
2334 1352.80252
2335 1353.02488
2336 1353.24927
2337 1353.47384
2338 1353.69555
2339 1353.91799
2340 1354.14082
2341 1354.3639
2342 1354.5849
2343 1354.81048
2344 1355.02934
2345 1355.24939
2346 1355.46932
2347 1355.69033
2348 1355.91178
2349 1356.13199
2350 1356.35189
2351 1356.57009
2352 1356.78991
2353 1357.01182
2354 1357.23433
2355 1357.45364
2356 1357.67197
2357 1357.88995
2358 1358.1109
2359 1358.3322
2360 1358.55103
2361 1358.76888
2362 1358.98636
2363 1359.20513
2364 1359.42316
2365 1359.6425
2366 1359.86067
2367 1360.08092
2368 1360.29901
2369 1360.51833
2370 1360.73612
2371 1360.95335
2372 1361.16964
2373 1361.3857
2374 1361.60201
2375 1361.81872
2376 1362.03265
2377 1362.24774
2378 1362.46095
2379 1362.6796
2380 1362.8957
2381 1363.11268
2382 1363.32773
2383 1363.53875
2384 1363.74993
2385 1363.96715
2386 1364.1786
2387 1364.395
2388 1364.61145
2389 1364.82471
2390 1365.03982
2391 1365.25285
2392 1365.47004
2393 1365.68448
2394 1365.89868
2395 1366.11277
2396 1366.32691
2397 1366.53703
2398 1366.7487
2399 1366.96192
2400 1367.17586
2401 1367.38711
2402 1367.60067
2403 1367.81326
2404 1368.02751
2405 1368.24139
2406 1368.45283
2407 1368.66461
2408 1368.87661
2409 1369.08769
2410 1369.29757
2411 1369.50766
2412 1369.71793
2413 1369.92951
2414 1370.14123
2415 1370.35453
2416 1370.56762
2417 1370.77756
2418 1370.98791
2419 1371.19583
2420 1371.40715
2421 1371.61644
2422 1371.82351
2423 1372.03102
2424 1372.23977
2425 1372.44973
2426 1372.65804
2427 1372.86644
2428 1373.07592
2429 1373.28466
2430 1373.49472
2431 1373.70489
2432 1373.91486
2433 1374.1242
2434 1374.32951
2435 1374.53406
2436 1374.73954
2437 1374.94745
2438 1375.15577
2439 1375.3583
2440 1375.56544
2441 1375.77284
2442 1375.97775
2443 1376.18309
2444 1376.39177
2445 1376.59722
2446 1376.80336
2447 1377.0109
2448 1377.21784
2449 1377.4231
2450 1377.62636
2451 1377.83108
2452 1378.0388
2453 1378.24376
2454 1378.45023
2455 1378.65501
2456 1378.85769
2457 1379.06372
2458 1379.2711
2459 1379.47532
2460 1379.67681
2461 1379.8843
2462 1380.08843
2463 1380.29101
2464 1380.49624
2465 1380.69915
2466 1380.90202
2467 1381.10614
2468 1381.3077
2469 1381.5092
2470 1381.71267
2471 1381.91637
2472 1382.12089
2473 1382.32425
2474 1382.52944
2475 1382.73337
2476 1382.93674
2477 1383.13565
2478 1383.33734
2479 1383.53963
2480 1383.73938
2481 1383.94186
2482 1384.14258
2483 1384.3435
2484 1384.54267
2485 1384.74372
2486 1384.94488
2487 1385.14444
2488 1385.34165
2489 1385.54124
2490 1385.74187
2491 1385.94055
2492 1386.1424
2493 1386.34126
2494 1386.53906
2495 1386.73977
2496 1386.94069
2497 1387.14241
2498 1387.34313
2499 1387.54071
2500 1387.74096
2501 1387.9382
2502 1388.13659
2503 1388.33443
2504 1388.53159
2505 1388.73004
2506 1388.9286
2507 1389.12653
2508 1389.32628
2509 1389.52311
2510 1389.72005
2511 1389.91879
2512 1390.11685
2513 1390.31337
2514 1390.50912
2515 1390.70632
2516 1390.90407
2517 1391.09651
2518 1391.29077
2519 1391.48533
2520 1391.67952
2521 1391.87606
2522 1392.07251
2523 1392.26903
2524 1392.46478
2525 1392.65976
2526 1392.85565
2527 1393.0506
2528 1393.24367
2529 1393.43598
2530 1393.63293
2531 1393.82462
2532 1394.01677
2533 1394.21198
2534 1394.40489
2535 1394.59929
2536 1394.79379
2537 1394.98693
2538 1395.17949
2539 1395.37143
2540 1395.5632
2541 1395.75767
2542 1395.95034
2543 1396.1429
2544 1396.33466
2545 1396.52797
2546 1396.7198
2547 1396.91263
2548 1397.1047
2549 1397.29626
2550 1397.48973
2551 1397.6828
2552 1397.87726
2553 1398.07303
2554 1398.26371
2555 1398.45657
2556 1398.64837
2557 1398.84005
2558 1399.03041
2559 1399.21866
2560 1399.40854
2561 1399.60062
2562 1399.79128
2563 1399.98252
2564 1400.17526
2565 1400.36341
2566 1400.55225
2567 1400.74093
2568 1400.93058
2569 1401.12295
2570 1401.31277
2571 1401.50256
2572 1401.68969
2573 1401.8787
2574 1402.06747
2575 1402.25528
2576 1402.44348
2577 1402.63168
2578 1402.82082
2579 1403.00804
2580 1403.19762
2581 1403.38161
2582 1403.57012
2583 1403.75675
2584 1403.94534
2585 1404.134
2586 1404.31991
2587 1404.50512
2588 1404.6909
2589 1404.87771
2590 1405.06749
2591 1405.25394
2592 1405.4387
2593 1405.62517
2594 1405.8094
2595 1405.99385
2596 1406.18004
2597 1406.3679
2598 1406.55525
2599 1406.7431
2600 1406.92751
2601 1407.11388
2602 1407.29739
2603 1407.48429
2604 1407.67073
2605 1407.85634
2606 1408.04178
2607 1408.22958
2608 1408.41346
2609 1408.59772
2610 1408.78255
2611 1408.967
2612 1409.14969
2613 1409.33468
2614 1409.5186
2615 1409.70137
2616 1409.88487
2617 1410.0693
2618 1410.25251
2619 1410.43525
2620 1410.61857
2621 1410.80102
2622 1410.98593
2623 1411.17002
2624 1411.35195
2625 1411.53361
2626 1411.71692
2627 1411.89776
2628 1412.08129
2629 1412.26332
2630 1412.44616
2631 1412.6289
2632 1412.80846
2633 1412.98916
2634 1413.16925
2635 1413.35065
2636 1413.5327
2637 1413.71636
2638 1413.8964
2639 1414.07725
2640 1414.25908
2641 1414.44106
2642 1414.62034
2643 1414.80284
2644 1414.98353
2645 1415.16548
2646 1415.34705
2647 1415.5264
2648 1415.7054
2649 1415.88458
2650 1416.06423
2651 1416.24446
2652 1416.42374
2653 1416.60279
2654 1416.78297
2655 1416.96272
2656 1417.13999
2657 1417.31805
2658 1417.49794
2659 1417.67829
2660 1417.85808
2661 1418.03795
2662 1418.21783
2663 1418.39843
2664 1418.57798
2665 1418.75693
2666 1418.93281
2667 1419.11009
2668 1419.28592
2669 1419.46371
2670 1419.64249
2671 1419.81933
2672 1419.99706
2673 1420.17286
2674 1420.34903
2675 1420.52671
2676 1420.70397
2677 1420.8822
2678 1421.05812
2679 1421.23405
2680 1421.41072
2681 1421.58919
2682 1421.76595
2683 1421.94471
2684 1422.11914
2685 1422.29337
2686 1422.46698
2687 1422.64542
2688 1422.82167
2689 1422.99799
2690 1423.17434
2691 1423.34876
2692 1423.52456
2693 1423.70289
2694 1423.87653
2695 1424.04979
2696 1424.22654
2697 1424.40047
2698 1424.57668
2699 1424.75132
2700 1424.92527
2701 1425.09964
2702 1425.27655
2703 1425.45197
2704 1425.62423
2705 1425.79693
2706 1425.97035
2707 1426.14473
2708 1426.31729
2709 1426.4904
2710 1426.66344
2711 1426.83768
2712 1427.0096
2713 1427.18207
2714 1427.35379
2715 1427.52758
2716 1427.69793
2717 1427.86713
2718 1428.0398
2719 1428.21099
2720 1428.38247
2721 1428.55518
2722 1428.7251
2723 1428.89309
2724 1429.06505
2725 1429.23699
2726 1429.40835
2727 1429.57997
2728 1429.75214
2729 1429.9213
2730 1430.09381
2731 1430.26432
2732 1430.43489
2733 1430.60653
2734 1430.7753
2735 1430.94484
2736 1431.11577
2737 1431.28376
2738 1431.45385
2739 1431.62304
2740 1431.79277
2741 1431.96477
2742 1432.13526
2743 1432.30588
2744 1432.47578
2745 1432.64476
2746 1432.81434
2747 1432.98402
2748 1433.15368
2749 1433.32467
2750 1433.49273
2751 1433.66262
2752 1433.83194
2753 1434.00171
2754 1434.16951
2755 1434.33745
2756 1434.50615
2757 1434.67359
2758 1434.84166
2759 1435.01113
2760 1435.1776
2761 1435.34285
2762 1435.51075
2763 1435.67867
2764 1435.84486
2765 1436.01231
2766 1436.17835
2767 1436.34558
2768 1436.51159
2769 1436.67777
2770 1436.84384
2771 1437.01
2772 1437.17513
2773 1437.34068
2774 1437.50842
2775 1437.67722
2776 1437.84685
2777 1438.01231
2778 1438.17687
2779 1438.34333
2780 1438.50943
2781 1438.6744
2782 1438.84084
2783 1439.00741
2784 1439.17104
2785 1439.33504
2786 1439.49935
2787 1439.66702
2788 1439.83329
2789 1439.99985
2790 1440.16462
2791 1440.32831
2792 1440.49089
2793 1440.65665
2794 1440.81979
2795 1440.98302
2796 1441.14805
2797 1441.31319
2798 1441.4782
2799 1441.64163
2800 1441.80478
2801 1441.96576
2802 1442.12973
2803 1442.29248
2804 1442.4534
2805 1442.61753
2806 1442.77827
2807 1442.94224
2808 1443.10479
2809 1443.26695
2810 1443.42778
2811 1443.59137
2812 1443.7544
2813 1443.91672
2814 1444.07717
2815 1444.23916
2816 1444.40265
2817 1444.56473
2818 1444.72858
2819 1444.89005
2820 1445.04978
2821 1445.21254
2822 1445.37399
2823 1445.53486
2824 1445.69725
2825 1445.85914
2826 1446.02097
2827 1446.18161
2828 1446.34268
2829 1446.50305
2830 1446.66335
2831 1446.82483
2832 1446.98474
2833 1447.14482
2834 1447.30304
2835 1447.4646
2836 1447.62553
2837 1447.78539
2838 1447.94396
2839 1448.10277
2840 1448.2617
2841 1448.4236
2842 1448.58374
2843 1448.74363
2844 1448.90319
2845 1449.06304
2846 1449.22382
2847 1449.38312
2848 1449.54401
2849 1449.7037
2850 1449.86404
2851 1450.02432
2852 1450.18259
2853 1450.33963
2854 1450.49731
2855 1450.65563
2856 1450.81351
2857 1450.97139
2858 1451.12697
2859 1451.28279
2860 1451.44031
2861 1451.59892
2862 1451.75651
2863 1451.91264
2864 1452.07158
2865 1452.23063
2866 1452.38722
2867 1452.54596
2868 1452.70347
2869 1452.85816
2870 1453.01487
2871 1453.17159
2872 1453.32918
2873 1453.48653
2874 1453.64464
2875 1453.80407
2876 1453.96219
2877 1454.11783
2878 1454.27156
2879 1454.42919
2880 1454.58501
2881 1454.7399
2882 1454.89592
2883 1455.0499
2884 1455.20565
2885 1455.36237
2886 1455.51868
2887 1455.67516
2888 1455.82962
2889 1455.98365
2890 1456.13838
2891 1456.2909
2892 1456.44671
2893 1456.60168
2894 1456.75535
2895 1456.91096
2896 1457.06552
2897 1457.22093
2898 1457.37726
2899 1457.53329
2900 1457.68671
2901 1457.83948
2902 1457.99311
2903 1458.14505
2904 1458.29754
2905 1458.45285
2906 1458.60697
2907 1458.76251
2908 1458.91508
2909 1459.06748
2910 1459.22017
2911 1459.37344
2912 1459.5258
2913 1459.68094
2914 1459.83278
2915 1459.98403
2916 1460.1372
2917 1460.28989
2918 1460.44248
2919 1460.59485
2920 1460.74649
2921 1460.89648
2922 1461.04952
2923 1461.20212
2924 1461.35381
2925 1461.50582
2926 1461.65876
2927 1461.81242
2928 1461.96453
2929 1462.11557
2930 1462.26866
2931 1462.42059
2932 1462.57213
2933 1462.72318
2934 1462.87349
2935 1463.02318
2936 1463.17304
2937 1463.32343
2938 1463.47212
2939 1463.62202
2940 1463.77364
2941 1463.92229
2942 1464.0723
2943 1464.22229
2944 1464.3721
2945 1464.52224
2946 1464.67424
2947 1464.82376
2948 1464.97386
2949 1465.125
2950 1465.2753
2951 1465.42391
2952 1465.57463
2953 1465.72595
2954 1465.87504
2955 1466.02258
2956 1466.17188
2957 1466.32156
2958 1466.46966
2959 1466.61716
2960 1466.76622
2961 1466.91325
2962 1467.05975
2963 1467.20815
2964 1467.3553
2965 1467.50509
2966 1467.65384
2967 1467.79984
2968 1467.94636
2969 1468.09415
2970 1468.24029
2971 1468.38498
2972 1468.53314
2973 1468.68257
2974 1468.83037
2975 1468.97622
2976 1469.12405
2977 1469.27312
2978 1469.42103
2979 1469.57012
2980 1469.71632
2981 1469.86018
2982 1470.00755
2983 1470.15459
2984 1470.30426
2985 1470.44916
2986 1470.59548
2987 1470.7454
2988 1470.89171
2989 1471.03822
2990 1471.1849
2991 1471.33004
2992 1471.47572
2993 1471.62139
2994 1471.76717
2995 1471.91239
2996 1472.06007
2997 1472.20525
2998 1472.35031
2999 1472.49811
3000 1472.6444
3001 1472.79174
3002 1472.93678
3003 1473.08128
3004 1473.22783
3005 1473.37171
3006 1473.51729
3007 1473.66356
3008 1473.81002
3009 1473.95567
3010 1474.10202
3011 1474.24828
3012 1474.39113
3013 1474.53572
3014 1474.67943
3015 1474.82383
3016 1474.97069
3017 1475.11317
3018 1475.25747
3019 1475.40223
3020 1475.54838
3021 1475.69278
3022 1475.83552
3023 1475.97938
3024 1476.12316
3025 1476.265
3026 1476.40719
3027 1476.54973
3028 1476.69472
3029 1476.83639
3030 1476.98082
3031 1477.1231
3032 1477.26579
3033 1477.40903
3034 1477.55196
3035 1477.69382
3036 1477.83637
3037 1477.97835
3038 1478.12256
3039 1478.26342
3040 1478.40557
3041 1478.54683
3042 1478.68835
3043 1478.82924
3044 1478.96962
3045 1479.11319
3046 1479.25765
3047 1479.39964
3048 1479.53964
3049 1479.67973
3050 1479.82002
3051 1479.9608
3052 1480.10091
3053 1480.2435
3054 1480.38381
3055 1480.52615
3056 1480.66525
3057 1480.80616
3058 1480.9449
3059 1481.08731
3060 1481.22918
3061 1481.36986
3062 1481.51092
3063 1481.6526
3064 1481.79343
3065 1481.93423
3066 1482.0755
3067 1482.21781
3068 1482.35781
3069 1482.49811
3070 1482.63804
3071 1482.77639
3072 1482.91634
3073 1483.05724
3074 1483.19434
3075 1483.33198
3076 1483.4706
3077 1483.60954
3078 1483.74848
3079 1483.88633
3080 1484.0257
3081 1484.16346
3082 1484.30136
3083 1484.44021
3084 1484.57803
3085 1484.71706
3086 1484.85756
3087 1484.99504
3088 1485.13572
3089 1485.2757
3090 1485.41504
3091 1485.55278
3092 1485.69011
3093 1485.82749
3094 1485.96499
3095 1486.10462
3096 1486.24159
3097 1486.37998
3098 1486.51859
3099 1486.65757
3100 1486.79633
3101 1486.93391
3102 1487.06928
3103 1487.20456
3104 1487.34118
3105 1487.47789
3106 1487.6164
3107 1487.75492
3108 1487.89037
3109 1488.02691
3110 1488.16401
3111 1488.30193
3112 1488.43818
3113 1488.57566
3114 1488.71273
3115 1488.85129
3116 1488.98638
3117 1489.12224
3118 1489.25909
3119 1489.39484
3120 1489.52872
3121 1489.66421
3122 1489.79837
3123 1489.93395
3124 1490.06936
3125 1490.20493
3126 1490.34175
3127 1490.4784
3128 1490.61373
3129 1490.7495
3130 1490.88096
3131 1491.01563
3132 1491.14829
3133 1491.28137
3134 1491.41682
3135 1491.55412
3136 1491.69062
3137 1491.8245
3138 1491.95909
3139 1492.09308
3140 1492.2251
3141 1492.35774
3142 1492.49113
3143 1492.62553
3144 1492.76004
3145 1492.89343
3146 1493.02663
3147 1493.16165
3148 1493.29383
3149 1493.42706
3150 1493.5606
3151 1493.69402
3152 1493.82673
3153 1493.95983
3154 1494.093
3155 1494.22636
3156 1494.36158
3157 1494.49551
3158 1494.62808
3159 1494.76191
3160 1494.89446
3161 1495.02881
3162 1495.1602
3163 1495.29507
3164 1495.42867
3165 1495.5622
3166 1495.69481
3167 1495.8295
3168 1495.96287
3169 1496.09421
3170 1496.22792
3171 1496.36051
3172 1496.49225
3173 1496.62418
3174 1496.75772
3175 1496.89001
3176 1497.02149
3177 1497.15124
3178 1497.28243
3179 1497.41175
3180 1497.5455
3181 1497.67831
3182 1497.8092
3183 1497.93965
3184 1498.07111
3185 1498.20316
3186 1498.33152
3187 1498.46349
3188 1498.59496
3189 1498.72394
3190 1498.85408
3191 1498.98575
3192 1499.11688
3193 1499.24691
3194 1499.37774
3195 1499.50854
3196 1499.63768
3197 1499.76741
3198 1499.89903
3199 1500.03079
3200 1500.16152
3201 1500.29224
3202 1500.42246
3203 1500.55313
3204 1500.68352
3205 1500.81565
3206 1500.94533
3207 1501.07381
3208 1501.20254
3209 1501.3315
3210 1501.46106
3211 1501.59138
3212 1501.72094
3213 1501.84808
3214 1501.97499
3215 1502.10446
3216 1502.23495
3217 1502.36538
3218 1502.49538
3219 1502.62513
3220 1502.75418
3221 1502.88266
3222 1503.01082
3223 1503.13845
3224 1503.2661
3225 1503.39583
3226 1503.52396
3227 1503.6517
3228 1503.78105
3229 1503.90947
3230 1504.03591
3231 1504.1642
3232 1504.29123
3233 1504.41904
3234 1504.54619
3235 1504.67229
3236 1504.79894
3237 1504.92639
3238 1505.05645
3239 1505.18287
3240 1505.31135
3241 1505.4394
3242 1505.56686
3243 1505.69342
3244 1505.81974
3245 1505.94606
3246 1506.07354
3247 1506.19974
3248 1506.32633
3249 1506.45219
3250 1506.57804
3251 1506.70809
3252 1506.8365
3253 1506.96334
3254 1507.09055
3255 1507.21762
3256 1507.34405
3257 1507.47031
3258 1507.59643
3259 1507.722
3260 1507.84844
3261 1507.97691
3262 1508.10222
3263 1508.23027
3264 1508.3552
3265 1508.48171
3266 1508.6074
3267 1508.73282
3268 1508.85663
3269 1508.98202
3270 1509.10872
3271 1509.23362
3272 1509.35913
3273 1509.48455
3274 1509.60861
3275 1509.73657
3276 1509.86108
3277 1509.98602
3278 1510.1101
3279 1510.23606
3280 1510.3614
3281 1510.48659
3282 1510.61056
3283 1510.73436
3284 1510.86022
3285 1510.98434
3286 1511.10878
3287 1511.23574
3288 1511.36046
3289 1511.48449
3290 1511.60929
3291 1511.73234
3292 1511.85728
3293 1511.98182
3294 1512.10706
3295 1512.22986
3296 1512.35292
3297 1512.47741
3298 1512.5979
3299 1512.72062
3300 1512.84436
3301 1512.9664
3302 1513.09033
3303 1513.21347
3304 1513.33536
3305 1513.45958
3306 1513.58348
3307 1513.70715
3308 1513.83146
3309 1513.95488
3310 1514.07753
3311 1514.2019
3312 1514.32805
3313 1514.45202
3314 1514.57552
3315 1514.69872
3316 1514.81884
3317 1514.9409
3318 1515.06503
3319 1515.18823
3320 1515.31234
3321 1515.43411
3322 1515.55668
3323 1515.67829
3324 1515.80002
3325 1515.92133
3326 1516.04359
3327 1516.16503
3328 1516.28779
3329 1516.41028
3330 1516.53104
3331 1516.6521
3332 1516.77205
3333 1516.89208
3334 1517.01198
3335 1517.13164
3336 1517.25413
3337 1517.37437
3338 1517.49579
3339 1517.61642
3340 1517.73929
3341 1517.85816
3342 1517.9803
3343 1518.1006
3344 1518.22332
3345 1518.34328
3346 1518.46177
3347 1518.58223
3348 1518.70244
3349 1518.82221
3350 1518.94277
3351 1519.06175
3352 1519.18297
3353 1519.30359
3354 1519.42426
3355 1519.54478
3356 1519.66549
3357 1519.78449
3358 1519.90346
3359 1520.02542
3360 1520.14584
3361 1520.26379
3362 1520.38376
3363 1520.5038
3364 1520.62251
3365 1520.74094
3366 1520.86155
3367 1520.98316
3368 1521.1015
3369 1521.2186
3370 1521.33513
3371 1521.452
3372 1521.56991
3373 1521.69021
3374 1521.8093
3375 1521.92711
3376 1522.04647
3377 1522.16609
3378 1522.28374
3379 1522.4013
3380 1522.52165
3381 1522.64236
3382 1522.76094
3383 1522.87859
3384 1522.99482
3385 1523.11355
3386 1523.23252
3387 1523.34962
3388 1523.46724
3389 1523.58441
3390 1523.70345
3391 1523.82077
3392 1523.93884
3393 1524.05677
3394 1524.17543
3395 1524.2934
3396 1524.41114
3397 1524.52713
3398 1524.64605
3399 1524.76428
3400 1524.88066
3401 1524.99617
3402 1525.11106
3403 1525.22894
3404 1525.34599
3405 1525.46275
3406 1525.57955
3407 1525.69821
3408 1525.81468
3409 1525.93127
3410 1526.04828
3411 1526.16496
3412 1526.28079
3413 1526.39836
3414 1526.51273
3415 1526.62658
3416 1526.74413
3417 1526.86177
3418 1526.97929
3419 1527.09494
3420 1527.21162
3421 1527.32793
3422 1527.44392
3423 1527.55809
3424 1527.67247
3425 1527.78827
3426 1527.90357
3427 1528.02125
3428 1528.13717
3429 1528.25267
3430 1528.36963
3431 1528.48431
3432 1528.59914
3433 1528.71756
3434 1528.83074
3435 1528.94611
3436 1529.06029
3437 1529.17443
3438 1529.28956
3439 1529.40464
3440 1529.52037
3441 1529.63312
3442 1529.74602
3443 1529.8602
3444 1529.9742
3445 1530.08785
3446 1530.20072
3447 1530.31353
3448 1530.42659
3449 1530.54081
3450 1530.6556
3451 1530.77073
3452 1530.88409
3453 1530.9982
3454 1531.11369
3455 1531.22818
3456 1531.34338
3457 1531.45863
3458 1531.57204
3459 1531.68561
3460 1531.80062
3461 1531.91411
3462 1532.02976
3463 1532.14505
3464 1532.25795
3465 1532.37163
3466 1532.48654
3467 1532.60154
3468 1532.71456
3469 1532.82792
3470 1532.94221
3471 1533.05424
3472 1533.16547
3473 1533.27921
3474 1533.39108
3475 1533.50388
3476 1533.61763
3477 1533.73063
3478 1533.8431
3479 1533.95478
3480 1534.06753
3481 1534.18098
3482 1534.29284
3483 1534.40699
3484 1534.52044
3485 1534.63261
3486 1534.74574
3487 1534.85818
3488 1534.97166
3489 1535.08307
3490 1535.19646
3491 1535.30993
3492 1535.42153
3493 1535.5341
3494 1535.64596
3495 1535.75783
3496 1535.86862
3497 1535.97987
3498 1536.09157
3499 1536.20342
3500 1536.3149
3501 1536.42723
3502 1536.53821
3503 1536.64832
3504 1536.75822
3505 1536.87045
3506 1536.98047
3507 1537.09173
3508 1537.20508
3509 1537.31717
3510 1537.42815
3511 1537.53842
3512 1537.64776
3513 1537.75915
3514 1537.87052
3515 1537.98067
3516 1538.09258
3517 1538.20365
3518 1538.3145
3519 1538.42625
3520 1538.53659
3521 1538.64343
3522 1538.75419
3523 1538.86408
3524 1538.97464
3525 1539.08464
3526 1539.19554
3527 1539.30637
3528 1539.41589
3529 1539.52485
3530 1539.63313
3531 1539.74355
3532 1539.85259
3533 1539.96132
3534 1540.07131
3535 1540.18306
3536 1540.2914
3537 1540.40065
3538 1540.51076
3539 1540.62039
3540 1540.73019
3541 1540.83786
3542 1540.94766
3543 1541.05848
3544 1541.16945
3545 1541.27972
3546 1541.38994
3547 1541.50001
3548 1541.60885
3549 1541.71792
3550 1541.82752
3551 1541.93464
3552 1542.04138
3553 1542.14967
3554 1542.25702
3555 1542.36487
3556 1542.47449
3557 1542.5843
3558 1542.69148
3559 1542.79858
3560 1542.906
3561 1543.01555
3562 1543.12432
3563 1543.23343
3564 1543.34253
3565 1543.45015
3566 1543.55936
3567 1543.6665
3568 1543.77586
3569 1543.88471
3570 1543.99228
3571 1544.09729
3572 1544.20287
3573 1544.31111
3574 1544.41856
3575 1544.5278
3576 1544.63319
3577 1544.73882
3578 1544.84703
3579 1544.95502
3580 1545.06003
3581 1545.16806
3582 1545.274
3583 1545.38139
3584 1545.48829
3585 1545.59727
3586 1545.70522
3587 1545.81282
3588 1545.9203
3589 1546.02733
3590 1546.13459
3591 1546.24123
3592 1546.34651
3593 1546.45414
3594 1546.56047
3595 1546.66891
3596 1546.77519
3597 1546.87933
3598 1546.98422
3599 1547.09073
3600 1547.19516
3601 1547.30229
3602 1547.40908
3603 1547.51354
3604 1547.61843
3605 1547.72245
3606 1547.82834
3607 1547.93332
3608 1548.04144
3609 1548.1473
3610 1548.25323
3611 1548.35945
3612 1548.46416
3613 1548.5689
3614 1548.67603
3615 1548.78206
3616 1548.88425
3617 1548.98886
3618 1549.09372
3619 1549.19723
3620 1549.30259
3621 1549.40689
3622 1549.51363
3623 1549.61754
3624 1549.72334
3625 1549.82644
3626 1549.93044
3627 1550.03508
3628 1550.13945
3629 1550.24483
3630 1550.34988
3631 1550.4541
3632 1550.55779
3633 1550.66124
3634 1550.76532
3635 1550.86949
3636 1550.97396
3637 1551.078
3638 1551.18331
3639 1551.28892
3640 1551.39469
3641 1551.49885
3642 1551.60143
3643 1551.7066
3644 1551.81262
3645 1551.91631
3646 1552.01913
3647 1552.12181
3648 1552.2252
3649 1552.32828
3650 1552.43187
3651 1552.53725
3652 1552.63992
3653 1552.7435
3654 1552.84746
3655 1552.95202
3656 1553.05417
3657 1553.15665
3658 1553.25998
3659 1553.36459
3660 1553.46986
3661 1553.57514
3662 1553.6773
3663 1553.7795
3664 1553.88239
3665 1553.98289
3666 1554.0869
3667 1554.18785
3668 1554.29061
3669 1554.39281
3670 1554.4957
3671 1554.59889
3672 1554.70285
3673 1554.80461
3674 1554.90687
3675 1555.00815
3676 1555.11007
3677 1555.21472
3678 1555.31757
3679 1555.42017
3680 1555.52225
3681 1555.62537
3682 1555.72926
3683 1555.83153
3684 1555.93044
3685 1556.03194
3686 1556.13212
3687 1556.23379
3688 1556.33644
3689 1556.43838
3690 1556.54066
3691 1556.64332
3692 1556.74515
3693 1556.84619
3694 1556.94758
3695 1557.04865
3696 1557.14971
3697 1557.25084
3698 1557.35243
3699 1557.45364
3700 1557.55513
3701 1557.6559
3702 1557.75701
3703 1557.8584
3704 1557.9597
3705 1558.06103
3706 1558.16049
3707 1558.2623
3708 1558.36403
3709 1558.46376
3710 1558.56395
3711 1558.66396
3712 1558.76597
3713 1558.86513
3714 1558.96531
3715 1559.06621
3716 1559.16738
3717 1559.26985
3718 1559.37018
3719 1559.47002
3720 1559.57095
3721 1559.67118
3722 1559.77123
3723 1559.87121
3724 1559.97208
3725 1560.07244
3726 1560.17274
3727 1560.27156
3728 1560.37042
3729 1560.47007
3730 1560.56935
3731 1560.66974
3732 1560.76977
3733 1560.86898
3734 1560.97042
3735 1561.0699
3736 1561.16975
3737 1561.26995
3738 1561.36945
3739 1561.46958
3740 1561.5686
3741 1561.66541
3742 1561.76592
3743 1561.8653
3744 1561.96452
3745 1562.06272
3746 1562.16183
3747 1562.26186
3748 1562.36124
3749 1562.46065
3750 1562.55841
3751 1562.65796
3752 1562.75731
3753 1562.85539
3754 1562.95446
3755 1563.05205
3756 1563.14929
3757 1563.24681
3758 1563.34372
3759 1563.44273
3760 1563.54045
3761 1563.63933
3762 1563.73754
3763 1563.83458
3764 1563.93297
3765 1564.03194
3766 1564.13119
3767 1564.22845
3768 1564.32601
3769 1564.42455
3770 1564.52187
3771 1564.62089
3772 1564.7201
3773 1564.8196
3774 1564.91645
3775 1565.01405
3776 1565.11098
3777 1565.20818
3778 1565.30415
3779 1565.40183
3780 1565.49993
3781 1565.5969
3782 1565.69436
3783 1565.79237
3784 1565.88963
3785 1565.98814
3786 1566.08387
3787 1566.17972
3788 1566.27769
3789 1566.37367
3790 1566.46947
3791 1566.56702
3792 1566.66477
3793 1566.76209
3794 1566.85852
3795 1566.95631
3796 1567.05502
3797 1567.15204
3798 1567.2498
3799 1567.34543
3800 1567.44369
3801 1567.54217
3802 1567.6374
3803 1567.73478
3804 1567.83077
3805 1567.92922
3806 1568.02712
3807 1568.12264
3808 1568.21831
3809 1568.31474
3810 1568.41192
3811 1568.50964
3812 1568.6048
3813 1568.70088
3814 1568.7967
3815 1568.89213
3816 1568.9867
3817 1569.08009
3818 1569.17743
3819 1569.27261
3820 1569.36883
3821 1569.46522
3822 1569.55996
3823 1569.65496
3824 1569.7504
3825 1569.84454
3826 1569.9406
3827 1570.03794
3828 1570.13542
3829 1570.23045
3830 1570.32742
3831 1570.4227
3832 1570.51729
3833 1570.61147
3834 1570.70716
3835 1570.8019
3836 1570.89716
3837 1570.99222
3838 1571.08792
3839 1571.18226
3840 1571.2783
3841 1571.37198
3842 1571.46641
3843 1571.56196
3844 1571.6587
3845 1571.75279
3846 1571.84721
3847 1571.94208
3848 1572.03749
3849 1572.13275
3850 1572.22645
3851 1572.32034
3852 1572.41432
3853 1572.5091
3854 1572.60245
3855 1572.69645
3856 1572.79054
3857 1572.88453
3858 1572.97702
3859 1573.07203
3860 1573.16505
3861 1573.26024
3862 1573.35199
3863 1573.44685
3864 1573.54293
3865 1573.63751
3866 1573.73261
3867 1573.82759
3868 1573.92007
3869 1574.01397
3870 1574.10808
3871 1574.20282
3872 1574.29714
3873 1574.39164
3874 1574.48463
3875 1574.5779
3876 1574.67269
3877 1574.76503
3878 1574.859
3879 1574.95264
3880 1575.0425
3881 1575.13451
3882 1575.22685
3883 1575.32071
3884 1575.41344
3885 1575.50561
3886 1575.59896
3887 1575.69157
3888 1575.7849
3889 1575.87766
3890 1575.97129
3891 1576.06449
3892 1576.15722
3893 1576.25078
3894 1576.34294
3895 1576.4331
3896 1576.52526
3897 1576.61848
3898 1576.71161
3899 1576.80351
3900 1576.89668
3901 1576.99028
3902 1577.08218
3903 1577.17384
3904 1577.26621
3905 1577.35987
3906 1577.45309
3907 1577.54691
3908 1577.64106
3909 1577.73362
3910 1577.82499
3911 1577.91958
3912 1578.01166
3913 1578.10378
3914 1578.19645
3915 1578.2893
3916 1578.38091
3917 1578.47238
3918 1578.56434
3919 1578.65731
3920 1578.74966
3921 1578.8422
3922 1578.93334
3923 1579.02315
3924 1579.11278
3925 1579.20292
3926 1579.29485
3927 1579.38548
3928 1579.47641
3929 1579.56773
3930 1579.65774
3931 1579.74925
3932 1579.83947
3933 1579.9307
3934 1580.02111
3935 1580.11273
3936 1580.20473
3937 1580.29473
3938 1580.38594
3939 1580.47714
3940 1580.56739
3941 1580.65849
3942 1580.75012
3943 1580.84099
3944 1580.92988
3945 1581.02092
3946 1581.11262
3947 1581.20115
3948 1581.29036
3949 1581.38187
3950 1581.47198
3951 1581.56072
3952 1581.65072
3953 1581.74262
3954 1581.83133
3955 1581.92143
3956 1582.01226
3957 1582.10238
3958 1582.19291
3959 1582.28375
3960 1582.37511
3961 1582.4656
3962 1582.55316
3963 1582.64475
3964 1582.73438
3965 1582.82343
3966 1582.91308
3967 1583.00375
3968 1583.09434
3969 1583.18536
3970 1583.27465
3971 1583.36611
3972 1583.4555
3973 1583.54275
3974 1583.6327
3975 1583.72337
3976 1583.811
3977 1583.89871
3978 1583.98719
3979 1584.07595
3980 1584.16582
3981 1584.25476
3982 1584.34314
3983 1584.43286
3984 1584.52287
3985 1584.61166
3986 1584.70016
3987 1584.78838
3988 1584.87833
3989 1584.96808
3990 1585.05557
3991 1585.14457
3992 1585.23417
3993 1585.32157
3994 1585.41017
3995 1585.49919
3996 1585.58672
3997 1585.67638
3998 1585.76412
3999 1585.85252
4000 1585.9421
