1 0.0019940429926765587
2 0.001999361148113494
3 0.002009431297919499
4 0.0020246823819687295
5 0.002046955027170729
6 0.002073902558516183
7 0.0021064235523034196
8 0.0021422325332142974
9 0.002183999897195803
10 0.0022278258176831405
11 0.002276305527325443
12 0.0023309379188512485
13 0.002386752171382952
14 0.0024441670608855728
15 0.0025014428128615727
16 0.002560926390376254
17 0.002620275764644264
18 0.0026802247283424503
19 0.002738623342649724
20 0.0027956705107332665
21 0.0028549646048074595
22 0.0029144818443319637
23 0.0029709999913416657
24 0.003030315313216533
25 0.0030869777670870673
26 0.003141740903283584
27 0.0031926570487683095
28 0.0032430660222142436
29 0.0032917565574113565
30 0.0033377972801801594
31 0.0033815104293030253
32 0.0034231872835911855
33 0.0034634199199909403
34 0.0035047365203283807
35 0.00354576581852537
36 0.003584172746040356
37 0.0036221602327705478
38 0.0036577910576480635
39 0.003693258295966698
40 0.003727396505703331
41 0.0037626663569698786
42 0.0037962783092559196
43 0.0038310289708045338
44 0.0038657453704471594
45 0.0039005293712806055
46 0.003935658328565317
47 0.00396872819347797
48 0.004002137930507629
49 0.004036718127837942
50 0.004069499555404599
51 0.004101976643652041
52 0.004136222173174839
53 0.004171525180746265
54 0.004205643232610799
55 0.0042407305234335125
56 0.004276275335856177
57 0.004313524658338801
58 0.004350984602022872
59 0.004388275198766736
60 0.004424634641987879
61 0.004461174371392286
62 0.004497125625130955
63 0.004536034112883765
64 0.004572115831103918
65 0.004607048597108001
66 0.0046415269986831076
67 0.004677427783694069
68 0.0047136030051755885
69 0.00475029053640498
70 0.004788914131473003
71 0.004825164155729899
72 0.004862592667354976
73 0.004898752151840439
74 0.004936053091585276
75 0.004974283528681111
76 0.005012712723804002
77 0.00505127761470583
78 0.005088955688132926
79 0.005125985038310393
80 0.00516132179993647
81 0.005199196794043135
82 0.005233334035557611
83 0.00527002372058144
84 0.005306735464026466
85 0.005343430314054639
86 0.005378674041507098
87 0.005415628914540127
88 0.005451896819265404
89 0.005485106359619883
90 0.005522371421359923
91 0.005558689162582955
92 0.005593504996311619
93 0.005627984007449556
94 0.005664784691675327
95 0.005703758942374769
96 0.0057416552997157635
97 0.005778624890089058
98 0.005818236769553063
99 0.005856514456001122
100 0.005893737508942837
101 0.005930122378013242
102 0.005967174468886951
103 0.006006203930878878
104 0.00604222233950469
105 0.006078481774331168
106 0.006116321768671307
107 0.006153949908327051
108 0.006192866292725529
109 0.006229328249981354
110 0.0062677896599975386
111 0.0063068859049227
112 0.006344733824820631
113 0.006382734467656576
114 0.006421588731488067
115 0.006462157252848416
116 0.006502984257590266
117 0.006541920374269337
118 0.006583047809029563
119 0.006624206719102856
120 0.006661941098873957
121 0.0067017907022961076
122 0.006740928836838272
123 0.0067792638195644005
124 0.00681849520506414
125 0.006858446868438549
126 0.006901073206886126
127 0.006942309544086749
128 0.006982438656352272
129 0.007023259397711383
130 0.0070642818884662836
131 0.007103278956307259
132 0.0071448351105557655
133 0.0071866706513140305
134 0.0072266627129869915
135 0.0072696071324598426
136 0.007311154489071252
137 0.007355136428109012
138 0.0073960487890033155
139 0.00743920045166627
140 0.007483517276596611
141 0.007525717628946425
142 0.00757025821063752
143 0.007611235205597288
144 0.007656179283297902
145 0.007699041441672888
146 0.007746443206654328
147 0.007789588585051683
148 0.00783479132174597
149 0.007877082882993908
150 0.007922374844754266
151 0.007968007183852365
152 0.008013255574838715
153 0.008056752197997877
154 0.008104494683155926
155 0.008149312883300017
156 0.008192891494547948
157 0.008237851110447583
158 0.008283362000274484
159 0.008327804011795826
160 0.008372703145710994
161 0.008418926091472307
162 0.008464633571039876
163 0.008511828265478777
164 0.008558799892714066
165 0.008606984477150845
166 0.008653535226828352
167 0.008700055144534606
168 0.008748120916412234
169 0.008795109076385036
170 0.00884213343984005
171 0.008890708309526306
172 0.00893798609571858
173 0.008985354477666373
174 0.009037272204007608
175 0.00908821188714214
176 0.009137823475217365
177 0.009188978504572187
178 0.009238841586689781
179 0.009286576632779651
180 0.00933783362651404
181 0.009386512493148026
182 0.009436699942184873
183 0.009490570804140196
184 0.009542369815812534
185 0.009597410460277738
186 0.00965042838383366
187 0.009702440752286072
188 0.009752823667480323
189 0.00980272321937509
190 0.009854599111473303
191 0.009907313377814624
192 0.009960380796197587
193 0.010015452952803084
194 0.010068171656200229
195 0.01012391287453765
196 0.010175772352119732
197 0.010229788890390066
198 0.010282900088064971
199 0.010335505396326604
200 0.010391566912865214
201 0.010450260536632129
202 0.010507504857336081
203 0.010566039353360916
204 0.010623179752328698
205 0.010681857419042996
206 0.01074118518242542
207 0.010798783982250988
208 0.010856515996253268
209 0.010915602765308475
210 0.010974707963061157
211 0.011032582894989281
212 0.011095399437834878
213 0.01115881686186968
214 0.011223575046818217
215 0.01128438205730252
216 0.01134948531389843
217 0.011410414287817588
218 0.011470829791243052
219 0.01153232967215226
220 0.011593279028200796
221 0.011654141675501533
222 0.01171776198263931
223 0.011783526176841079
224 0.011845825333096194
225 0.011907729625451105
226 0.011973257520298463
227 0.012039365674465452
228 0.012107203350429295
229 0.01217275837844057
230 0.012238744444495202
231 0.01230344827955853
232 0.012369435414935523
233 0.012438247825923534
234 0.012506135519292971
235 0.012575937648423427
236 0.012640780861421372
237 0.012708532173072822
238 0.012780256239422845
239 0.012849907365620604
240 0.012921096611127381
241 0.012990996590297212
242 0.013062579274081752
243 0.0131305434713887
244 0.013205675508028824
245 0.013279879886532168
246 0.01335161935646901
247 0.013424186193263098
248 0.01349883749678486
249 0.013571060273598907
250 0.013647835203073907
251 0.013723709781788777
252 0.013796354992387292
253 0.013873918017306794
254 0.013954100338592786
255 0.014033043620057256
256 0.01411235547314018
257 0.01418741220896053
258 0.01426703266004098
259 0.01434717505746411
260 0.014428928212712385
261 0.014508440345122033
262 0.014589949238107216
263 0.014669231332990052
264 0.0147530740776823
265 0.014836348044874341
266 0.014916993078899684
267 0.015002063210672528
268 0.01508638257369
269 0.015166263263230931
270 0.015252894902374449
271 0.015331933544174997
272 0.015414885092393577
273 0.015500799370342246
274 0.015586686467850526
275 0.015676023906790543
276 0.015768583852029453
277 0.01586383837678824
278 0.015957880637674754
279 0.016044753066892962
280 0.016132417730155908
281 0.016226260211797766
282 0.016314731786584002
283 0.016408020914318932
284 0.016499899315572858
285 0.016591121767996635
286 0.01668522935796917
287 0.01678426700301927
288 0.016877592132391872
289 0.016976757879590892
290 0.017068894849578343
291 0.01716645168558098
292 0.01726408076420736
293 0.017362883673478054
294 0.017464798339485388
295 0.017561381140834043
296 0.017660163626308633
297 0.017767516795906158
298 0.017870710228216482
299 0.01797619262771559
300 0.018083763710620947
301 0.01819203091173472
302 0.018298118041032485
303 0.018400858765407244
304 0.018504661270163664
305 0.018614358282496444
306 0.018721399355506475
307 0.01883633948167867
308 0.01894604488838656
309 0.019061387258924985
310 0.01917447100691586
311 0.019291650717956438
312 0.01941260116200789
313 0.01952976111261724
314 0.01964312341241642
315 0.019758575075724205
316 0.019875768598900223
317 0.019994624107326064
318 0.02011931960042721
319 0.020244479703482327
320 0.020368893728232175
321 0.020489456419601867
322 0.020618526953603545
323 0.020746824027040263
324 0.020870897504628404
325 0.02099328478197423
326 0.021118792137471094
327 0.021245343083908116
328 0.021376004650476888
329 0.02150623723328233
330 0.02163836362264125
331 0.021770430885344548
332 0.02190537535003603
333 0.02204121611187745
334 0.022182730566678365
335 0.022321107760657842
336 0.022458037901364133
337 0.022600827802305115
338 0.022739854700583005
339 0.022880729041027684
340 0.023023465581080874
341 0.02316380284504072
342 0.023310634539680426
343 0.02345378172117992
344 0.023601315364427146
345 0.023753517961579984
346 0.02390562378202511
347 0.024059804752169803
348 0.02421573687243596
349 0.024375246115715666
350 0.0245276369948604
351 0.0246871335891361
352 0.02484805196740625
353 0.025010332135427547
354 0.025178762260276308
355 0.025337894651150727
356 0.025500205942690663
357 0.025663557500011615
358 0.025827732839250835
359 0.025997801288188124
360 0.026171796067992564
361 0.02634587587927353
362 0.026517879281940045
363 0.02669466068520851
364 0.02686686516437593
365 0.02704582061846049
366 0.02722199533070896
367 0.027408155659735027
368 0.02759998086041963
369 0.027785896154815578
370 0.027976998822667437
371 0.028165265754613054
372 0.02835629582547686
373 0.0285373255163377
374 0.028731727327794984
375 0.02892610572136191
376 0.029124696524443806
377 0.02931819069834946
378 0.029511890222837688
379 0.029712829031563557
380 0.029913103701731315
381 0.030113542352087255
382 0.03032247438814654
383 0.030537702826043425
384 0.030750298901066134
385 0.030958727227807042
386 0.031167442753453057
387 0.03138398935775449
388 0.031599990409020035
389 0.03181982419867003
390 0.032046176810152344
391 0.032263991241342715
392 0.032492019267756106
393 0.03272050499783224
394 0.032966942386064145
395 0.033196276936380276
396 0.03343512361815017
397 0.03367914628811084
398 0.03392229024785582
399 0.03415821076753362
400 0.03440078932867954
401 0.03465334076542365
402 0.03491063535683716
403 0.03516041644887204
404 0.03541457429429286
405 0.03567115132338689
406 0.03593113423750149
407 0.03620212407197578
408 0.036464654038979104
409 0.036738737506962785
410 0.037014179278674945
411 0.037293823782588505
412 0.037562904852616076
413 0.037851163294159176
414 0.038139670391257575
415 0.038429146552521
416 0.038711589175329214
417 0.03900335182207794
418 0.039298739738639586
419 0.03959305738790052
420 0.03988885721864206
421 0.040198674487820774
422 0.040506462338511795
423 0.04082477039304394
424 0.04113468866174363
425 0.0414493193221533
426 0.041757097069955215
427 0.04206800189495458
428 0.04240387098254905
429 0.042732582806603366
430 0.043068869152865855
431 0.043418802547903944
432 0.04375768789723634
433 0.04410066193288741
434 0.044444292869445456
435 0.04480425489168012
436 0.04515269847138976
437 0.04551073156928458
438 0.04587645449200421
439 0.04624471139459063
440 0.04661703256079928
441 0.04698926239787995
442 0.04738185990963232
443 0.04777557284859971
444 0.0481663253199055
445 0.04855861538688263
446 0.04895185535532557
447 0.049357721774734874
448 0.04974846624271076
449 0.05016975431908154
450 0.05058851121829823
451 0.05098605288205572
452 0.051392720138416635
453 0.05182177876629886
454 0.05226197513798148
455 0.052700615377278874
456 0.05314949927046882
457 0.053602267075990896
458 0.054066384748445245
459 0.05452326163297429
460 0.05499167857209672
461 0.055451464251102596
462 0.055937297469776485
463 0.056410519202273454
464 0.05688534865992066
465 0.05736428263478245
466 0.05784419973776564
467 0.05835179131603564
468 0.05885471479696209
469 0.05936459858341896
470 0.05986573251778754
471 0.06039156911556329
472 0.060913903446038274
473 0.06144688039301183
474 0.0620008168667279
475 0.06253470888590262
476 0.06308764378572616
477 0.06363522373675731
478 0.06419791871380127
479 0.06476802895324293
480 0.06532493316502384
481 0.06591778381739721
482 0.06650367306936275
483 0.06708567051475792
484 0.06767728242013585
485 0.06829698711797344
486 0.0688958416519879
487 0.06950856217597697
488 0.07013369151115059
489 0.07075780520230729
490 0.07139183006221114
491 0.0720316892797573
492 0.07267179141910264
493 0.07332639032651753
494 0.07399500614160204
495 0.07466807629951216
496 0.07535316076645478
497 0.07604027188809047
498 0.07675319795204191
499 0.07745806327997015
500 0.07817078024252272
501 0.07889114337794915
502 0.07961697947406195
503 0.08035978131151997
504 0.08108551641865167
505 0.0818314677392009
506 0.08260609179126056
507 0.08336937102092186
508 0.08414200574130376
509 0.0849011653011744
510 0.08568989342432064
511 0.08647538077416038
512 0.08727022655962993
513 0.08810172723417059
514 0.08892621514946035
515 0.08972988298911383
516 0.09057088751478201
517 0.09141379769679309
518 0.09227802086498808
519 0.09312435570968246
520 0.09398478363531625
521 0.09486727316480395
522 0.09574495652941767
523 0.09664548336413682
524 0.097582384735407
525 0.0984817637349989
526 0.09939201620573636
527 0.10031017989768358
528 0.10126789491539344
529 0.10219500581450341
530 0.10317079482925241
531 0.10411906818297838
532 0.10508298341695967
533 0.10607203356301878
534 0.10708412877376
535 0.10806456934986855
536 0.10906277606757009
537 0.1101211428924102
538 0.11116285336217119
539 0.11219376265262972
540 0.11324200787763239
541 0.11429488801432013
542 0.11536820902497383
543 0.11646076233971939
544 0.11758075205505271
545 0.1186564897224068
546 0.11976997552793354
547 0.12089282577498946
548 0.12201762372833386
549 0.12316270082892454
550 0.12432642519552672
551 0.12549576034049592
552 0.12666131588578686
553 0.1278481884733763
554 0.12903028295565644
555 0.13024288367172784
556 0.1314474597657819
557 0.1326812666590009
558 0.13391792487717677
559 0.13515407839436144
560 0.13638303378421815
561 0.1376449833911087
562 0.13891263162903378
563 0.14020142646347228
564 0.14145078496052055
565 0.142780576151889
566 0.14408824657984606
567 0.14534253356405075
568 0.14666316194644924
569 0.14801157703760548
570 0.14934680708759432
571 0.1507248101658043
572 0.15211225511628776
573 0.15347201202727975
574 0.15486702020035978
575 0.15624688983310553
576 0.15761991784725063
577 0.15900787340574304
578 0.16037075581173152
579 0.16174743231818967
580 0.16314131095682904
581 0.16458478206435997
582 0.16604657815590218
583 0.16752891953049412
584 0.16900482443826023
585 0.17044106748923502
586 0.17190405960293803
587 0.17342117712893546
588 0.1748970332267335
589 0.17643779195104886
590 0.17796066584689355
591 0.17947976418043915
592 0.18103668478322085
593 0.18257157473969285
594 0.1841108200305369
595 0.1856811538796919
596 0.18723053647698215
597 0.1888247387089993
598 0.19039624244595446
599 0.19197913486065168
600 0.1935715770254992
601 0.19517682991355087
602 0.19675807167986295
603 0.19835512739177913
604 0.19998716999406085
605 0.20162473592692962
606 0.20320589252056223
607 0.20481955855562378
608 0.20643392899950921
609 0.20809498399361429
610 0.20971841446914338
611 0.21130702803499532
612 0.21291039757192887
613 0.21456637133132536
614 0.21625027170382646
615 0.21791773146075524
616 0.21958952091535452
617 0.22121384225891305
618 0.22283566126488266
619 0.22446539813644978
620 0.22613920778798474
621 0.22780878088738976
622 0.22949319010723798
623 0.23113738798987873
624 0.2328141478960952
625 0.23450391981557406
626 0.23616214517507852
627 0.2378966518466685
628 0.23963811902330456
629 0.24132788445468753
630 0.24303743886674775
631 0.24472560487085052
632 0.24641985111356418
633 0.2481459455642786
634 0.249864641935123
635 0.25154451391005256
636 0.2532559021540471
637 0.25495835012325774
638 0.25663088438855963
639 0.25832265691266576
640 0.26001786222457546
641 0.26168440748042304
642 0.2633786923828178
643 0.2650537824011041
644 0.2667023502675096
645 0.2684063963521169
646 0.2700768052294324
647 0.27177439785664353
648 0.2734256177997103
649 0.2750698925416075
650 0.2767093725204451
651 0.2784167587104249
652 0.28011323195999727
653 0.2817699478349055
654 0.28346369374872493
655 0.28518252623804835
656 0.28685545156909364
657 0.28848423181015626
658 0.29013462518040434
659 0.2917449298747085
660 0.29337474583556766
661 0.29504451003209553
662 0.2966679316123061
663 0.29826011684016623
664 0.299872212468365
665 0.3014647572928282
666 0.30305154578789195
667 0.3046435978805522
668 0.3062298080760301
669 0.30781293294518536
670 0.30942767795635273
671 0.31103050247281944
672 0.31262536803438246
673 0.3142176038704282
674 0.3157860368108971
675 0.31733915800088597
676 0.31890074969897364
677 0.32045032659494455
678 0.3220409339394023
679 0.3235649914387872
680 0.32514276608241943
681 0.326697494575088
682 0.32826591534300925
683 0.3297444807225887
684 0.33122913103816093
685 0.3327717291539933
686 0.33427288036064884
687 0.33578233669439056
688 0.33726476337858446
689 0.3387631337143724
690 0.34021800029748733
691 0.34169913079153574
692 0.34317789233968754
693 0.34466018164414447
694 0.3461348887055648
695 0.34756293952043466
696 0.34898000115692257
697 0.3504014066855781
698 0.35179294534865346
699 0.35319526237326637
700 0.3546207701308083
701 0.3559683156402358
702 0.35736127667700546
703 0.3587805615820629
704 0.3602025136599323
705 0.36157960923006716
706 0.3629877638522318
707 0.3643809825080641
708 0.36573894644917515
709 0.3670992328395145
710 0.3684562362893582
711 0.3698133155231271
712 0.3711462994531831
713 0.37251646753081474
714 0.3738679664919415
715 0.37517436820578587
716 0.37647937734394915
717 0.3778068793742316
718 0.37912862945671727
719 0.38043393127063346
720 0.3817160478562281
721 0.3830022723709133
722 0.3843084682006863
723 0.38560775139567616
724 0.3868684891389892
725 0.3881600763285629
726 0.38943056889804595
727 0.39067571878765217
728 0.39191553243502764
729 0.39316956009327475
730 0.3944072807255368
731 0.395654027754549
732 0.39689887790284584
733 0.39813689996747487
734 0.399358441834623
735 0.4005989379812435
736 0.4018349650716975
737 0.4030457117616212
738 0.404281733206998
739 0.4054811244265148
740 0.40667817178412063
741 0.40786469357937616
742 0.40903511174977647
743 0.410206109282742
744 0.41138608401474536
745 0.4125647780066632
746 0.41374066409595306
747 0.41491029923495976
748 0.41603722878570837
749 0.4171713382054089
750 0.41829984395330655
751 0.4194344220974539
752 0.420574711571117
753 0.4217041762402617
754 0.4228304150951388
755 0.4239615299876319
756 0.42509089452237486
757 0.42619587235459827
758 0.42729892478438664
759 0.4284322178203684
760 0.4295484135185982
761 0.4306532859050083
762 0.43173939860871346
763 0.432828597352363
764 0.43390221729775114
765 0.43497929605435803
766 0.4360529587113829
767 0.4371043969736259
768 0.4381727410104255
769 0.43923492002037784
770 0.440308492453083
771 0.4413530196548163
772 0.44240833539376506
773 0.4434712133524849
774 0.44451765443011887
775 0.4455831131270097
776 0.4466335331777459
777 0.4476776172012266
778 0.44871249163402266
779 0.4497356877318685
780 0.4507796060885234
781 0.45179549308720585
782 0.45281833574890495
783 0.4538323201211653
784 0.4548388929170004
785 0.45584926519529756
786 0.4568370252970465
787 0.4578305154411933
788 0.4588367948072716
789 0.45983053692016373
790 0.4608113837770976
791 0.46180625293251526
792 0.4628027028520268
793 0.46377062975080735
794 0.46475330259149944
795 0.46572743515437803
796 0.4667099438217392
797 0.46768609897762203
798 0.46865111750259714
799 0.46960646297786496
800 0.4705611676838276
801 0.47151454943702925
802 0.4724737953250849
803 0.4734184616042981
804 0.4743767960885809
805 0.4753235081582427
806 0.47626511937898547
807 0.4772057325629403
808 0.47815183789002313
809 0.479079606745928
810 0.4800172915912653
811 0.4809502734987565
812 0.481867961973338
813 0.4827880324294706
814 0.483691394541902
815 0.48461399346276257
816 0.48552670628258193
817 0.48644056223544263
818 0.4873489673807426
819 0.4882360910246111
820 0.4891560124704693
821 0.4900606643778576
822 0.49096599139664876
823 0.4918538206382829
824 0.49274310060441456
825 0.49364152541860545
826 0.4945339532030899
827 0.4954020251937508
828 0.4962815708089757
829 0.49715989426674906
830 0.4980321685112184
831 0.49890317201463896
832 0.49977504175098075
833 0.5006325245963587
834 0.5014974723041936
835 0.502356571011278
836 0.5032103748396946
837 0.5040783983835695
838 0.5049324586380887
839 0.5057893193042715
840 0.5066356455068668
841 0.5074806020303743
842 0.5083199071856035
843 0.5091502224787241
844 0.5099919876881256
845 0.5108297231993546
846 0.5116643160344492
847 0.5124881665442715
848 0.513323306420093
849 0.5141521353149184
850 0.5149863003964995
851 0.5158081426135592
852 0.516629135684914
853 0.517446848603851
854 0.5182629238619807
855 0.5190769452481718
856 0.5198866304617467
857 0.5207031365084492
858 0.521505377773085
859 0.5223073965173634
860 0.5231142637345556
861 0.5239120043725024
862 0.5246973233665573
863 0.525483563574531
864 0.5262785220932881
865 0.5270674618639949
866 0.5278552265551241
867 0.5286378044661375
868 0.5294289804635057
869 0.5302200708327698
870 0.5309998229531937
871 0.5317701800460192
872 0.532545784734052
873 0.5333320697765245
874 0.5341001569672066
875 0.5348522133988999
876 0.5356316292916234
877 0.5363971907188658
878 0.5371568000893252
879 0.5379210084306355
880 0.5386820441875162
881 0.539438935080585
882 0.5401969764482604
883 0.5409525915643901
884 0.5417084118048663
885 0.5424575192562605
886 0.5432041942227269
887 0.5439506211270485
888 0.5447040583908828
889 0.545447575777457
890 0.5461959110123233
891 0.5469352098023639
892 0.5476636227863798
893 0.5484020164641185
894 0.5491355000191832
895 0.5498656497319971
896 0.5505940341423478
897 0.551316511844623
898 0.5520346129264382
899 0.5527509851598605
900 0.5534723988219103
901 0.5541835032636933
902 0.5548990920926188
903 0.5556109422973542
904 0.5563208394109044
905 0.5570320568632773
906 0.5577372208078812
907 0.5584453550391607
908 0.5591623139941917
909 0.5598617091301374
910 0.5605659714511009
911 0.5612568788377023
912 0.5619473774246972
913 0.5626416180431751
914 0.5633368019061264
915 0.5640306937867618
916 0.5647218211284322
917 0.5654134293386662
918 0.5660924347043743
919 0.5667746648514241
920 0.567456517369998
921 0.5681280905652643
922 0.5688023087672177
923 0.5694862270732312
924 0.570155771940114
925 0.5708382970018183
926 0.5715077411069538
927 0.5721779416785459
928 0.572846134492859
929 0.5735180432561756
930 0.5741874386025281
931 0.5748463745022527
932 0.5755068381530968
933 0.5761672398154675
934 0.5768276410897105
935 0.5774948542669772
936 0.5781480314579588
937 0.5788104751644746
938 0.5794684891442534
939 0.5801165832120091
940 0.5807645313482627
941 0.5814093682154217
942 0.5820530521176664
943 0.5826971498875813
944 0.5833395608062492
945 0.5839796698823898
946 0.584618025193378
947 0.5852564835455978
948 0.5858931963026778
949 0.5865263420552632
950 0.5871536008793021
951 0.5877740997452376
952 0.588403603902038
953 0.5890219694998019
954 0.5896456753077853
955 0.5902656855860089
956 0.5908874044788675
957 0.5915087232639816
958 0.5921289806523645
959 0.5927445984327955
960 0.5933608165185259
961 0.5939784228596455
962 0.5945961285294292
963 0.5952024575469449
964 0.5958177565317615
965 0.5964196645789955
966 0.5970227012860688
967 0.5976349750483304
968 0.5982382966887244
969 0.5988446556724668
970 0.5994500616960116
971 0.600056123129818
972 0.600656728903147
973 0.6012559742842426
974 0.6018515563540487
975 0.6024458678298521
976 0.6030353998117098
977 0.6036273507504124
978 0.6042111879734937
979 0.6047997089777382
980 0.6053929056575952
981 0.6059700317101006
982 0.606549540610767
983 0.6071360943315306
984 0.6077168991691132
985 0.608291142929033
986 0.6088738450451595
987 0.6094512835588197
988 0.6100236047390657
989 0.6105976982427526
990 0.6111697061395772
991 0.6117391858430646
992 0.6123083867523818
993 0.6128749882957063
994 0.6134401397508951
995 0.6140086403812314
996 0.614577890258564
997 0.6151444622735017
998 0.615709487701509
999 0.616267044999734
1000 0.6168236878912656
1001 0.6173778511852421
1002 0.6179354722743631
1003 0.6184882577533636
1004 0.6190390014640046
1005 0.6195833934653585
1006 0.6201307624426219
1007 0.6206824917849123
1008 0.6212255761260558
1009 0.6217731579560954
1010 0.6223228779846142
1011 0.6228644598854517
1012 0.6234055476852445
1013 0.6239523796258591
1014 0.6244919418294538
1015 0.6250336288217145
1016 0.6255691862064345
1017 0.6261035072834219
1018 0.6266391635440216
1019 0.6271728786871948
1020 0.6277004454374391
1021 0.6282286566830234
1022 0.6287598152143757
1023 0.6292903500059961
1024 0.6298210156276931
1025 0.6303445964308452
1026 0.6308729065476277
1027 0.6313958679521475
1028 0.6319247753203464
1029 0.632443975112033
1030 0.6329683914556979
1031 0.6334873594017962
1032 0.6340150149671891
1033 0.634532430203728
1034 0.6350541474201967
1035 0.6355700631408872
1036 0.6360902651214824
1037 0.6366079802337481
1038 0.6371153486456398
1039 0.6376221411708479
1040 0.6381351249587746
1041 0.6386383387712923
1042 0.6391446722505205
1043 0.6396493615642315
1044 0.6401509123067256
1045 0.6406529269603336
1046 0.6411607094999475
1047 0.64166507887831
1048 0.6421712908938948
1049 0.642671943977454
1050 0.6431662929958953
1051 0.6436615504978043
1052 0.644155350142486
1053 0.6446519900428197
1054 0.645145863155669
1055 0.6456373073208654
1056 0.6461276026989404
1057 0.64662174525183
1058 0.6471177436117735
1059 0.6476050401888711
1060 0.6480960632653405
1061 0.6485830343808688
1062 0.6490628329875306
1063 0.6495433619295875
1064 0.6500251346990363
1065 0.6505113765251008
1066 0.6509941059021083
1067 0.6514736898980256
1068 0.6519486064020623
1069 0.65242758623926
1070 0.6529013482749464
1071 0.6533721118313524
1072 0.6538482777763159
1073 0.6543224746858634
1074 0.6548011192978922
1075 0.6552734423745628
1076 0.6557439898802105
1077 0.6562122575875898
1078 0.656674448415523
1079 0.657145251621937
1080 0.6576158618553386
1081 0.6580762099499334
1082 0.6585369535354273
1083 0.659003308138501
1084 0.6594620590393067
1085 0.6599281158786543
1086 0.66038784946961
1087 0.6608458630480055
1088 0.6613020796600642
1089 0.6617548488446154
1090 0.6622157787451253
1091 0.6626775173310681
1092 0.663128927275014
1093 0.6635797135589754
1094 0.6640351631925999
1095 0.6644831483274838
1096 0.6649374752183105
1097 0.6653850414636238
1098 0.6658293247168114
1099 0.6662740748888829
1100 0.6667176319780633
1101 0.6671619312432127
1102 0.6676133715975375
1103 0.6680545336739514
1104 0.6684976165298202
1105 0.6689377173975036
1106 0.6693777575462131
1107 0.6698188121671576
1108 0.6702623724909377
1109 0.670701044610971
1110 0.6711378585181186
1111 0.6715781446195819
1112 0.6720162850446493
1113 0.6724507784773216
1114 0.6728829559055617
1115 0.6733131042930046
1116 0.6737427903458645
1117 0.6741745548047164
1118 0.6746035026927547
1119 0.6750298229953804
1120 0.6754636054473386
1121 0.675892262369842
1122 0.6763162869479552
1123 0.676739610725549
1124 0.677163704515443
1125 0.6775861773025095
1126 0.6780106983547306
1127 0.678433669541814
1128 0.6788548116515035
1129 0.6792704028338235
1130 0.679689812146515
1131 0.6801102851786338
1132 0.6805272251662218
1133 0.6809485942466552
1134 0.681363163853895
1135 0.6817750112822839
1136 0.6821935035722773
1137 0.6826063891302189
1138 0.683017222124477
1139 0.6834214318995425
1140 0.683835613525691
1141 0.6842426055032783
1142 0.6846569895414484
1143 0.6850668388410414
1144 0.6854757877594782
1145 0.6858816146844855
1146 0.6862873526825868
1147 0.6866942385733259
1148 0.6871020009345316
1149 0.6875129197420663
1150 0.6879146397680519
1151 0.6883152002461542
1152 0.6887194816837919
1153 0.6891205332793338
1154 0.6895216888238944
1155 0.6899181606768606
1156 0.6903150400342372
1157 0.6907124728838592
1158 0.6911055329665651
1159 0.6914990363806975
1160 0.6918911374455967
1161 0.6922868926369282
1162 0.6926761431909138
1163 0.6930620327211838
1164 0.6934524247846696
1165 0.6938417568936824
1166 0.6942311766337635
1167 0.6946200813264267
1168 0.6950110798354389
1169 0.695396451828805
1170 0.6957791864258134
1171 0.6961629124502723
1172 0.696544753451533
1173 0.696924324626203
1174 0.6973086696425358
1175 0.6976910921204371
1176 0.6980714097809266
1177 0.6984520779066538
1178 0.6988313309487912
1179 0.6992094790466723
1180 0.6995855002334842
1181 0.6999633311900458
1182 0.7003350489669532
1183 0.7007130073333449
1184 0.7010922075751503
1185 0.7014699054382865
1186 0.7018408444373458
1187 0.7022142552511202
1188 0.7025823164426802
1189 0.7029529412955267
1190 0.7033217319398216
1191 0.7036937962205878
1192 0.7040643417354906
1193 0.7044316662870246
1194 0.7047983545925426
1195 0.7051655282883467
1196 0.7055297902288025
1197 0.7058952231679722
1198 0.7062545382767912
1199 0.706617188096873
1200 0.7069858329158928
1201 0.7073506813249
1202 0.7077100523355706
1203 0.7080719519103905
1204 0.7084341222326056
1205 0.7087919542281261
1206 0.7091516639981224
1207 0.7095106883817499
1208 0.7098676495648262
1209 0.7102283330822262
1210 0.7105817078995667
1211 0.7109344647821522
1212 0.7112878729057286
1213 0.7116387804233443
1214 0.7119892034653412
1215 0.7123426701101685
1216 0.7126951340717638
1217 0.7130419555982078
1218 0.7133905208698477
1219 0.7137362177919514
1220 0.7140886968992791
1221 0.7144378921642062
1222 0.714786090506781
1223 0.7151311433442261
1224 0.715477986680477
1225 0.7158278430142477
1226 0.7161690006899771
1227 0.7165143912655547
1228 0.7168586582092983
1229 0.717202250080501
1230 0.7175416390920514
1231 0.7178830456233982
1232 0.7182204585507045
1233 0.7185607646768415
1234 0.718900050315531
1235 0.7192390217545827
1236 0.7195733905697878
1237 0.7199090756899884
1238 0.7202460416466463
1239 0.7205839643404068
1240 0.7209191209835727
1241 0.7212512266409771
1242 0.7215849093225247
1243 0.7219139896695324
1244 0.7222497387779456
1245 0.7225818142033873
1246 0.7229156031467254
1247 0.7232466574538746
1248 0.7235769800170057
1249 0.7239127598216054
1250 0.724242148197653
1251 0.7245748255116616
1252 0.7249019543246144
1253 0.725231029480558
1254 0.7255580192629911
1255 0.7258844762895896
1256 0.7262095946962146
1257 0.72653377932506
1258 0.7268565900872549
1259 0.7271762088035303
1260 0.727497437383026
1261 0.7278228960393922
1262 0.7281443893409577
1263 0.7284629415224588
1264 0.7287845644125122
1265 0.7291060549675503
1266 0.729426771529375
1267 0.7297438115363962
1268 0.7300614052824131
1269 0.730381049598423
1270 0.7306959780339353
1271 0.7310128468181065
1272 0.7313294621673948
1273 0.7316452816235895
1274 0.7319596817302952
1275 0.7322778518244276
1276 0.7325925556743278
1277 0.7329070943585498
1278 0.733215909182905
1279 0.7335305688528443
1280 0.7338422623379302
1281 0.7341512053763619
1282 0.7344582867016557
1283 0.7347670995757504
1284 0.7350766520901079
1285 0.7353868946002122
1286 0.7356946467355142
1287 0.7360031526578829
1288 0.7363091828382862
1289 0.7366138663900956
1290 0.7369230702178887
1291 0.7372300777076402
1292 0.7375401097927591
1293 0.7378449204685206
1294 0.7381478464029337
1295 0.7384515193428114
1296 0.7387573103719857
1297 0.7390626809424848
1298 0.7393653269024637
1299 0.7396678814764599
1300 0.7399698970620686
1301 0.740268648618288
1302 0.7405673832029852
1303 0.74086820566744
1304 0.7411677539043766
1305 0.7414656552653868
1306 0.7417615722274753
1307 0.7420561650618112
1308 0.7423476424699353
1309 0.7426444966420068
1310 0.7429417706100002
1311 0.7432348955391191
1312 0.7435263470165685
1313 0.7438159503362817
1314 0.744106661244448
1315 0.7443989117386917
1316 0.7446930969326722
1317 0.7449849890892217
1318 0.7452734179640621
1319 0.7455641005180135
1320 0.7458560791478135
1321 0.7461451291693929
1322 0.7464345552656491
1323 0.7467249591212224
1324 0.7470133028122741
1325 0.7473002603916095
1326 0.7475844299283155
1327 0.7478746283357365
1328 0.7481634097216426
1329 0.7484457815887433
1330 0.748728249393912
1331 0.7490114072647746
1332 0.7492960822076544
1333 0.7495805412994193
1334 0.7498599252200122
1335 0.7501391121782001
1336 0.7504174047020289
1337 0.7506987103708157
1338 0.7509782195568223
1339 0.7512586567494856
1340 0.7515357889940708
1341 0.7518135684766981
1342 0.7520934889836612
1343 0.7523713471563299
1344 0.7526507323727701
1345 0.7529291931888392
1346 0.7532049042075544
1347 0.7534832228058366
1348 0.7537554633730706
1349 0.7540304492325548
1350 0.7543067079001222
1351 0.7545766741501131
1352 0.7548510960441787
1353 0.7551216277346654
1354 0.7553942972605838
1355 0.7556671891886356
1356 0.7559420400811891
1357 0.7562151096094228
1358 0.7564876191265907
1359 0.756757589964089
1360 0.757026669121665
1361 0.7572939075683384
1362 0.7575627319720367
1363 0.7578337018914562
1364 0.7581001346046188
1365 0.7583690130938
1366 0.7586370656431881
1367 0.7589024993958574
1368 0.7591698184794676
1369 0.7594403137744137
1370 0.7597107043793692
1371 0.7599761360073889
1372 0.7602404551259534
1373 0.76050237857769
1374 0.7607654085201705
1375 0.7610278620259653
1376 0.7612897544076133
1377 0.7615506465486924
1378 0.7618132720081416
1379 0.7620749095994122
1380 0.7623384752477627
1381 0.7625997405562059
1382 0.762857274369268
1383 0.7631158161514912
1384 0.7633739204280161
1385 0.7636305393938715
1386 0.7638889815595369
1387 0.764148549938369
1388 0.7644035064288696
1389 0.7646596764929894
1390 0.7649183564121932
1391 0.76517606331959
1392 0.765429893425353
1393 0.7656858978059192
1394 0.7659391697776651
1395 0.7661903986499922
1396 0.7664416233195783
1397 0.7666945930805418
1398 0.7669441282470878
1399 0.7671972991705265
1400 0.7674474862161174
1401 0.7676993927259793
1402 0.7679507016700708
1403 0.7682027226901036
1404 0.7684509431408731
1405 0.7686991975981433
1406 0.7689474524844887
1407 0.7691937404736642
1408 0.7694451443422177
1409 0.7696958982801865
1410 0.7699420792374285
1411 0.7701862821068802
1412 0.77042980723845
1413 0.7706773928336803
1414 0.7709222303921375
1415 0.7711672729262447
1416 0.7714101407804566
1417 0.771651279359821
1418 0.7718940856275442
1419 0.772139270348753
1420 0.7723844374407439
1421 0.7726260838841319
1422 0.772867035108198
1423 0.7731117948930035
1424 0.7733541622820054
1425 0.7735930611551171
1426 0.7738351121498519
1427 0.7740750614614107
1428 0.7743162249245338
1429 0.7745542646080567
1430 0.7747906322225165
1431 0.7750306784632478
1432 0.7752715836941733
1433 0.775508968597427
1434 0.7757446763461228
1435 0.7759785522339999
1436 0.7762134241096174
1437 0.7764517129543902
1438 0.7766880143020745
1439 0.7769230834784283
1440 0.7771578979930547
1441 0.7773914303198373
1442 0.7776283091846583
1443 0.7778600386274168
1444 0.778090872543968
1445 0.7783235965500731
1446 0.7785567514361231
1447 0.7787883095142587
1448 0.7790212118377386
1449 0.7792525505357534
1450 0.7794875965095611
1451 0.7797169470353666
1452 0.779946845179326
1453 0.7801770637892118
1454 0.7804098941508119
1455 0.7806392891679477
1456 0.7808664934190501
1457 0.7810937694934825
1458 0.7813219565661859
1459 0.7815506503910322
1460 0.7817778089722691
1461 0.7820062374410236
1462 0.7822318232016962
1463 0.7824562277773918
1464 0.782685639950866
1465 0.7829115545706338
1466 0.7831371696361615
1467 0.7833631214687803
1468 0.7835844521699052
1469 0.7838057582739806
1470 0.7840284857343442
1471 0.7842515218375575
1472 0.7844761783201452
1473 0.7846991632719229
1474 0.7849211456175211
1475 0.7851406046675484
1476 0.7853615202874706
1477 0.7855812065900369
1478 0.7858011756956109
1479 0.7860228124337891
1480 0.7862437908444571
1481 0.7864636732310232
1482 0.786684743870186
1483 0.7869041843694476
1484 0.787124798798859
1485 0.7873428916439472
1486 0.7875609765333593
1487 0.7877803775174637
1488 0.7879976646600922
1489 0.7882150944338039
1490 0.7884331933222963
1491 0.7886487851578539
1492 0.7888660074341736
1493 0.7890830999523177
1494 0.7892975812133491
1495 0.7895125751721257
1496 0.7897268477895508
1497 0.7899414995615791
1498 0.7901565400506997
1499 0.7903706427722519
1500 0.7905853130435396
1501 0.790799132773759
1502 0.7910124375387922
1503 0.7912257498795409
1504 0.7914372566110736
1505 0.7916465723409131
1506 0.7918582576641668
1507 0.7920689849059158
1508 0.792279577971379
1509 0.7924905957520696
1510 0.7927013330604102
1511 0.7929121568947921
1512 0.7931211065400707
1513 0.7933285626973053
1514 0.7935358660179297
1515 0.7937441050584414
1516 0.7939487660891396
1517 0.7941549861227802
1518 0.7943634475446212
1519 0.7945694519301686
1520 0.7947766328531031
1521 0.7949814779959345
1522 0.7951862858897104
1523 0.7953894856472327
1524 0.7955949147804128
1525 0.7958008728215485
1526 0.7960059509134134
1527 0.7962114241163353
1528 0.7964185929614578
1529 0.7966191312742766
1530 0.796821493391218
1531 0.7970224166664727
1532 0.7972247566650932
1533 0.7974283441043687
1534 0.7976329361641074
1535 0.7978346482562079
1536 0.7980358932164993
1537 0.7982360272339226
1538 0.7984355325539844
1539 0.7986341449009746
1540 0.7988340285955562
1541 0.7990322681326422
1542 0.7992296500650807
1543 0.7994307807344369
1544 0.799630549186039
1545 0.7998280604128307
1546 0.800026922887494
1547 0.8002249515102149
1548 0.8004231223763428
1549 0.8006184250510525
1550 0.8008143707436873
1551 0.8010110652879433
1552 0.8012079725854224
1553 0.8014045038194145
1554 0.8015992899691285
1555 0.8017928990568359
1556 0.8019888213492203
1557 0.8021812334301247
1558 0.8023745931807393
1559 0.8025682644842331
1560 0.8027620786565567
1561 0.8029553542583884
1562 0.8031492623403151
1563 0.8033416815167221
1564 0.8035321607488112
1565 0.8037234703004574
1566 0.8039167176831212
1567 0.8041089729558127
1568 0.8043024344009576
1569 0.8044945596960253
1570 0.8046856813123651
1571 0.8048728546027393
1572 0.8050636385276829
1573 0.8052530289502953
1574 0.8054442619584309
1575 0.8056333287558077
1576 0.8058228077935305
1577 0.8060132595562417
1578 0.8062016706422159
1579 0.8063926566225176
1580 0.8065812775517918
1581 0.8067675906391369
1582 0.8069526674328383
1583 0.8071393859020175
1584 0.8073259229095522
1585 0.8075129304953448
1586 0.8076994138929594
1587 0.807885616393086
1588 0.8080677206497906
1589 0.8082551215391156
1590 0.8084397678041445
1591 0.8086212977220657
1592 0.8088064109880987
1593 0.8089914110021711
1594 0.8091741837577795
1595 0.8093565252850867
1596 0.8095403340122909
1597 0.8097234430909087
1598 0.8099069638222217
1599 0.8100914115328675
1600 0.8102721480016521
1601 0.8104560551503244
1602 0.8106378601087973
1603 0.8108174390070634
1604 0.8110005481414617
1605 0.8111825433335265
1606 0.8113613568246099
1607 0.8115431715785647
1608 0.8117222516171324
1609 0.8119041805718578
1610 0.8120844970708815
1611 0.8122638866425986
1612 0.8124431258060716
1613 0.812619024883274
1614 0.8127970864589077
1615 0.8129742799292042
1616 0.8131520534094241
1617 0.8133310069443536
1618 0.8135086853364328
1619 0.8136861501731358
1620 0.8138649251020523
1621 0.8140417701934748
1622 0.8142173626899463
1623 0.8143934391147695
1624 0.8145698526778204
1625 0.814749203340831
1626 0.8149254101862924
1627 0.8150997857946993
1628 0.8152745605093135
1629 0.8154476030324487
1630 0.8156225197294996
1631 0.8157968746167492
1632 0.8159705218641525
1633 0.8161445119092087
1634 0.8163196656620559
1635 0.8164932464744913
1636 0.8166676649453791
1637 0.8168406202411395
1638 0.8170128852784542
1639 0.8171841573857733
1640 0.8173563979221199
1641 0.8175287264679844
1642 0.817699352079151
1643 0.8178703215584937
1644 0.8180402737024749
1645 0.818210217696654
1646 0.8183800508746317
1647 0.8185504771258965
1648 0.8187235912369416
1649 0.8188915034209931
1650 0.819060352881043
1651 0.8192292790949931
1652 0.8193986605458312
1653 0.8195673616621114
1654 0.8197359570187387
1655 0.8199046606905335
1656 0.8200716542822504
1657 0.8202418475428599
1658 0.8204098510257102
1659 0.8205774919811261
1660 0.8207423304054026
1661 0.8209082067753999
1662 0.8210737989068018
1663 0.821239138730689
1664 0.8214061879532969
1665 0.8215743415631527
1666 0.821739594866711
1667 0.8219020649949371
1668 0.8220662050508788
1669 0.8222316242595359
1670 0.822394715953857
1671 0.8225593901029514
1672 0.8227251315757351
1673 0.8228871772276648
1674 0.8230498566341484
1675 0.8232126579914971
1676 0.8233754020929428
1677 0.8235382634835594
1678 0.8237000568764418
1679 0.8238621396588499
1680 0.8240242013932877
1681 0.8241851076759913
1682 0.8243444332445055
1683 0.8245066738245994
1684 0.8246684666277367
1685 0.8248283118586069
1686 0.8249891490059316
1687 0.8251511776214346
1688 0.82531130921039
1689 0.8254706636764303
1690 0.8256299753847488
1691 0.825789597637619
1692 0.8259494121047303
1693 0.8261079191281241
1694 0.8262662692992929
1695 0.8264224479927553
1696 0.8265815476365695
1697 0.8267370429728382
1698 0.8268940639626303
1699 0.827050755781608
1700 0.8272083286331514
1701 0.8273669613276013
1702 0.8275252004783284
1703 0.8276811840847593
1704 0.8278373863312815
1705 0.8279934917996292
1706 0.8281485471202941
1707 0.8283062526149295
1708 0.8284617757206174
1709 0.828616389001832
1710 0.8287720399235785
1711 0.8289260053184692
1712 0.8290811636190921
1713 0.8292349531348655
1714 0.8293875536529218
1715 0.8295422337294193
1716 0.8296957099746474
1717 0.8298483563709179
1718 0.8300001270613848
1719 0.8301540119006512
1720 0.8303050296984749
1721 0.8304576346310707
1722 0.8306107413798868
1723 0.8307653691625037
1724 0.830917483827002
1725 0.831069813920515
1726 0.8312202294722697
1727 0.8313701612135621
1728 0.8315221808542956
1729 0.8316732075258666
1730 0.8318225260960617
1731 0.8319711447568631
1732 0.8321216367603299
1733 0.8322733985576393
1734 0.8324225699636393
1735 0.8325719061031108
1736 0.8327226891355758
1737 0.8328752833380298
1738 0.8330235851396536
1739 0.8331718212754129
1740 0.8333194177322605
1741 0.8334684984759572
1742 0.8336155923459807
1743 0.8337641013776813
1744 0.8339126926171337
1745 0.8340599284594602
1746 0.8342081152115352
1747 0.8343550482925888
1748 0.8345015069416851
1749 0.8346476561419706
1750 0.8347935101764669
1751 0.8349404593139025
1752 0.8350843495358727
1753 0.8352302626606731
1754 0.835377978123976
1755 0.835525842780568
1756 0.8356715438329565
1757 0.8358175095753005
1758 0.8359638410701731
1759 0.8361067013837338
1760 0.8362501524795755
1761 0.8363945076598327
1762 0.8365393733853577
1763 0.8366828719491534
1764 0.8368272171714195
1765 0.836970736501429
1766 0.8371132629972636
1767 0.8372589525353862
1768 0.8374023546481831
1769 0.8375453671716371
1770 0.8376902858072678
1771 0.8378338874429717
1772 0.8379754596736598
1773 0.8381182399822472
1774 0.8382600500346874
1775 0.8384018115065146
1776 0.8385425040186242
1777 0.8386860287371528
1778 0.8388275148936762
1779 0.8389705367577975
1780 0.839111074339279
1781 0.8392519907563679
1782 0.8393914362994014
1783 0.8395305974561696
1784 0.8396697801738306
1785 0.8398103006746989
1786 0.8399490094664217
1787 0.8400885828095712
1788 0.8402267066160249
1789 0.8403643443453926
1790 0.8405044663029213
1791 0.8406440178300868
1792 0.8407843176435109
1793 0.8409240112206916
1794 0.8410615105705996
1795 0.8411996098550448
1796 0.8413372195897563
1797 0.8414748234432325
1798 0.8416117939374705
1799 0.8417474833062245
1800 0.841885883855418
1801 0.8420205912493974
1802 0.8421569212732753
1803 0.8422923579688872
1804 0.8424274834877682
1805 0.8425627086337479
1806 0.8426983952750123
1807 0.8428352900190316
1808 0.8429712154562015
1809 0.843106511415115
1810 0.8432407641401101
1811 0.8433758545279633
1812 0.8435112188591305
1813 0.8436471486229093
1814 0.8437808394773771
1815 0.8439156558579926
1816 0.8440494270835427
1817 0.8441826495794998
1818 0.844317686150819
1819 0.8444512286627692
1820 0.8445853893641233
1821 0.844718611778824
1822 0.8448521957952004
1823 0.8449838324068998
1824 0.845116019202982
1825 0.8452502765556352
1826 0.8453823579549161
1827 0.8455139721877892
1828 0.8456441154090059
1829 0.845775771720518
1830 0.845908156300608
1831 0.8460403002210054
1832 0.8461720242952745
1833 0.8463035465978207
1834 0.8464340611124815
1835 0.8465632529082219
1836 0.8466937079286873
1837 0.8468248367024184
1838 0.8469545279765157
1839 0.8470868415032627
1840 0.8472148859077603
1841 0.8473455064355523
1842 0.8474771147457408
1843 0.8476053235322528
1844 0.847733508444602
1845 0.8478624981462146
1846 0.8479930839573201
1847 0.8481212959000937
1848 0.8482503322280891
1849 0.8483773400839204
1850 0.8485032050754843
1851 0.8486289440541785
1852 0.8487575522156289
1853 0.8488842254416574
1854 0.8490105412127211
1855 0.8491364083105749
1856 0.8492619565526959
1857 0.8493887680697363
1858 0.8495154677072411
1859 0.8496433669309504
1860 0.8497698179438979
1861 0.8498976928973524
1862 0.8500245142848359
1863 0.8501512504970404
1864 0.8502759876666008
1865 0.8504009217655741
1866 0.8505247567496067
1867 0.8506517478740571
1868 0.850775631106607
1869 0.8509003645233257
1870 0.8510250823873697
1871 0.851150347193197
1872 0.8512743953863492
1873 0.8513988131104809
1874 0.851522706686697
1875 0.8516474292562094
1876 0.8517699167744998
1877 0.8518946590575953
1878 0.8520170161424473
1879 0.8521402991556544
1880 0.8522641534399688
1881 0.8523864907620521
1882 0.8525094891811706
1883 0.8526314796231664
1884 0.8527538597967476
1885 0.8528750557570052
1886 0.8529976120807121
1887 0.8531197941327389
1888 0.8532411730924119
1889 0.8533634225404428
1890 0.8534855094906993
1891 0.8536068032877518
1892 0.8537294798441825
1893 0.8538518100849015
1894 0.8539743767668627
1895 0.8540944430249302
1896 0.8542143284561172
1897 0.8543352783793385
1898 0.854456586526102
1899 0.8545776754315302
1900 0.8546963722405744
1901 0.854816035303327
1902 0.854935534755085
1903 0.855054807695142
1904 0.8551720157244954
1905 0.8552901614186128
1906 0.8554092487127385
1907 0.8555267941026405
1908 0.8556472471755302
1909 0.8557661836898411
1910 0.8558869881330629
1911 0.8560052837015636
1912 0.8561231262641146
1913 0.8562405362909034
1914 0.8563573183740996
1915 0.8564742445453198
1916 0.8565915370358481
1917 0.8567086713465016
1918 0.8568244231467355
1919 0.8569417112812943
1920 0.8570591311709768
1921 0.8571751598715401
1922 0.8572924090536287
1923 0.8574095485846313
1924 0.8575241656490868
1925 0.8576396287436233
1926 0.857755966943174
1927 0.8578707320189249
1928 0.8579872876544026
1929 0.8581023465400676
1930 0.858219359646932
1931 0.8583347036724851
1932 0.8584494259178351
1933 0.85856426705129
1934 0.8586776723235581
1935 0.8587919743176565
1936 0.8589076399273116
1937 0.8590216390763235
1938 0.859135518097766
1939 0.8592490780334159
1940 0.859362603255343
1941 0.8594759364838006
1942 0.8595889327506457
1943 0.8597026831481113
1944 0.8598162081858816
1945 0.8599278016585793
1946 0.8600390407294011
1947 0.8601512627043524
1948 0.8602641124898094
1949 0.8603764158929972
1950 0.8604916148715587
1951 0.8606031647040033
1952 0.8607158804136265
1953 0.860827862116133
1954 0.8609409712767258
1955 0.8610531857950876
1956 0.8611661515752194
1957 0.861279367193184
1958 0.8613918277387574
1959 0.8615048949888799
1960 0.8616154146224341
1961 0.8617265163428053
1962 0.8618379722815297
1963 0.861947610748566
1964 0.8620578935621687
1965 0.8621701291139457
1966 0.8622814373638144
1967 0.8623922667230164
1968 0.8625020225251199
1969 0.8626115447192584
1970 0.8627212903115247
1971 0.8628305969485897
1972 0.8629408386801439
1973 0.8630502617509012
1974 0.8631596849865001
1975 0.8632675626791755
1976 0.8633758959830782
1977 0.8634849045192733
1978 0.8635951057980202
1979 0.8637052637002657
1980 0.8638138725887865
1981 0.8639240350422875
1982 0.8640323225116524
1983 0.8641418528505214
1984 0.8642495824775197
1985 0.8643576290807765
1986 0.8644650026820907
1987 0.8645741230575386
1988 0.8646819949100643
1989 0.864789449144297
1990 0.8648964070456067
1991 0.8650040973772102
1992 0.8651113222087313
1993 0.865217922745124
1994 0.8653247322991885
1995 0.8654320853466122
1996 0.8655399103568726
1997 0.8656469828510539
1998 0.8657532742823071
1999 0.8658587940645149
2000 0.865964715934305
2001 0.8660692498856991
2002 0.8661748013325983
2003 0.8662808388207137
2004 0.8663858880560935
2005 0.8664916147250995
2006 0.8665959165100127
2007 0.8667025984239297
2008 0.8668085059007844
2009 0.8669137932634567
2010 0.867017707920578
2011 0.8671209809663689
2012 0.8672248761556139
2013 0.8673292609043302
2014 0.8674329585492976
2015 0.8675378786946168
2016 0.8676411953905439
2017 0.8677442393785771
2018 0.8678472803528163
2019 0.8679493712104298
2020 0.8680518357780646
2021 0.8681553261449957
2022 0.8682571945935007
2023 0.8683608048995292
2024 0.8684650309909033
2025 0.8685665904465452
2026 0.8686698398450764
2027 0.8687739677013387
2028 0.8688765576905402
2029 0.8689784718180631
2030 0.8690795078514547
2031 0.8691813103630394
2032 0.8692826560163077
2033 0.8693837140406022
2034 0.8694858864231068
2035 0.8695854478517823
2036 0.8696853795441628
2037 0.8697863842484204
2038 0.8698887354205351
2039 0.8699908790706776
2040 0.8700918809471377
2041 0.8701922149806518
2042 0.8702929619940876
2043 0.87039361722683
2044 0.8704935930392924
2045 0.8705947308791429
2046 0.8706940820927613
2047 0.8707942198936796
2048 0.8708948055942298
2049 0.8709953360630414
2050 0.8710954078673988
2051 0.8711940618429186
2052 0.8712922954999643
2053 0.8713923240814342
2054 0.8714912577872799
2055 0.8715897239909473
2056 0.871688835604862
2057 0.8717886472524925
2058 0.8718879596416073
2059 0.8719861142019423
2060 0.872084671667871
2061 0.8721833540991754
2062 0.872280519430606
2063 0.8723782037785724
2064 0.8724751142312114
2065 0.8725731353574936
2066 0.8726706141950081
2067 0.87276848773664
2068 0.8728654867668771
2069 0.8729627565288824
2070 0.8730608752377503
2071 0.873157739094522
2072 0.8732545970263592
2073 0.8733527879102875
2074 0.8734501660356446
2075 0.8735462566828481
2076 0.8736425590973325
2077 0.8737391190487458
2078 0.8738363667893941
2079 0.8739312686506975
2080 0.8740300443266465
2081 0.8741251190700297
2082 0.8742210769328493
2083 0.874317367366497
2084 0.8744128421883748
2085 0.8745081027962787
2086 0.874604006107655
2087 0.8746988964460688
2088 0.8747935434734392
2089 0.8748877085263816
2090 0.8749818792445099
2091 0.8750769418958994
2092 0.8751708907493329
2093 0.8752646495410513
2094 0.8753588052316588
2095 0.8754537052748147
2096 0.8755465513369259
2097 0.8756412103945187
2098 0.8757355052283338
2099 0.8758292946100569
2100 0.8759222197019073
2101 0.8760159659442945
2102 0.8761097474164247
2103 0.8762021019921612
2104 0.8762953124285945
2105 0.876387969768726
2106 0.8764794464683009
2107 0.8765718938349271
2108 0.8766656605472619
2109 0.876759654676176
2110 0.8768527780340999
2111 0.8769459111170179
2112 0.8770373670490791
2113 0.8771308882911079
2114 0.877222846686025
2115 0.8773154447774946
2116 0.8774073232481744
2117 0.8774977602677109
2118 0.8775899382407804
2119 0.8776823526067118
2120 0.8777738403954298
2121 0.8778659894212518
2122 0.8779566996158352
2123 0.878048929166457
2124 0.8781402709463626
2125 0.8782319657593121
2126 0.8783224483494384
2127 0.8784146666433461
2128 0.8785048987567526
2129 0.8785948135581936
2130 0.8786868374084646
2131 0.8787784939233324
2132 0.8788695617943135
2133 0.878959355480738
2134 0.8790499419406304
2135 0.8791413879436337
2136 0.8792315271103197
2137 0.8793220052360213
2138 0.8794112360631481
2139 0.8795007396111237
2140 0.8795917062724871
2141 0.8796814845069975
2142 0.879772110404699
2143 0.87986320597279
2144 0.8799530365602712
2145 0.8800424941629724
2146 0.8801310187379459
2147 0.880221062640958
2148 0.8803091745232658
2149 0.8803963286908022
2150 0.8804847099108941
2151 0.8805724937163896
2152 0.8806621085331969
2153 0.8807510914022426
2154 0.8808398499965332
2155 0.8809276429374321
2156 0.8810160338745934
2157 0.8811043806797835
2158 0.8811912131306743
2159 0.8812792625631456
2160 0.8813670403859245
2161 0.8814557714757617
2162 0.8815430097284168
2163 0.8816309152360559
2164 0.8817179815971653
2165 0.881805630842798
2166 0.8818929507189711
2167 0.8819808640389205
2168 0.8820683726616074
2169 0.882155938253711
2170 0.8822425412554722
2171 0.8823295776317464
2172 0.882414701733367
2173 0.8825015274328215
2174 0.8825869947396936
2175 0.8826726949054294
2176 0.8827601041183532
2177 0.8828454752933588
2178 0.8829312431779544
2179 0.8830171726370324
2180 0.8831042785418685
2181 0.883190420647682
2182 0.883275686005691
2183 0.8833612645606094
2184 0.8834481242181397
2185 0.8835353286735464
2186 0.8836185801025975
2187 0.8837028403142992
2188 0.8837873593957294
2189 0.8838720363363823
2190 0.8839562273873163
2191 0.8840417421312069
2192 0.8841253257234696
2193 0.8842103472213635
2194 0.8842946077402285
2195 0.8843777679825001
2196 0.8844612944668722
2197 0.8845454919739386
2198 0.884630055494161
2199 0.8847137570793234
2200 0.8847978126745522
2201 0.8848810337036185
2202 0.884965892674716
2203 0.8850494185694223
2204 0.8851340616716454
2205 0.8852161693426924
2206 0.885298076382407
2207 0.8853800028120754
2208 0.885463016024234
2209 0.8855466420778142
2210 0.8856300996712159
2211 0.8857131013968538
2212 0.8857955880009114
2213 0.8858778266651378
2214 0.8859607624672675
2215 0.8860437688549216
2216 0.8861266143338525
2217 0.8862080363699281
2218 0.8862892608168347
2219 0.8863716193350204
2220 0.8864542350277113
2221 0.8865363577050379
2222 0.8866162759618588
2223 0.886699007854222
2224 0.8867803833863871
2225 0.8868619378034865
2226 0.8869430959935073
2227 0.887024227067327
2228 0.8871057152980559
2229 0.8871864778283604
2230 0.8872667005438526
2231 0.8873464326594009
2232 0.8874267953545855
2233 0.8875072390114663
2234 0.8875888100477769
2235 0.8876679695828961
2236 0.8877483501608281
2237 0.8878293258910873
2238 0.8879100445333786
2239 0.8879914784583466
2240 0.8880709420476077
2241 0.8881508171048792
2242 0.8882307499165277
2243 0.8883106121999312
2244 0.8883897951247501
2245 0.8884696307999008
2246 0.888548768649712
2247 0.8886278699950941
2248 0.8887070549174559
2249 0.8887863159057618
2250 0.8888645115224196
2251 0.8889425129332748
2252 0.8890222825229974
2253 0.8891006577600308
2254 0.8891793451981088
2255 0.8892575822875448
2256 0.8893369784535483
2257 0.8894145380120205
2258 0.8894931611159849
2259 0.8895715055419943
2260 0.8896494738563496
2261 0.8897285714929126
2262 0.8898066388997973
2263 0.8898846859317865
2264 0.8899627670665903
2265 0.8900402864375287
2266 0.890117673066844
2267 0.8901951959089238
2268 0.8902725594075862
2269 0.8903484035665926
2270 0.8904255043588709
2271 0.89050328533134
2272 0.890580364568034
2273 0.8906571424889275
2274 0.8907354255361685
2275 0.8908118101302658
2276 0.8908886590959957
2277 0.8909663521180857
2278 0.8910443785791973
2279 0.8911206735549011
2280 0.8911986156006945
2281 0.8912750314365803
2282 0.8913513840481495
2283 0.8914265460679563
2284 0.8915030085815303
2285 0.8915790830023264
2286 0.8916553250278708
2287 0.891731869807275
2288 0.891807336875135
2289 0.8918843629529691
2290 0.8919588884048272
2291 0.8920357541793577
2292 0.8921104049770222
2293 0.8921852891557547
2294 0.8922604484800185
2295 0.8923364361729155
2296 0.8924120601083614
2297 0.8924878759259849
2298 0.8925628807700073
2299 0.8926384935620914
2300 0.892712113167871
2301 0.8927877283929754
2302 0.8928616740054115
2303 0.8929360244761844
2304 0.8930096994949086
2305 0.8930844164017366
2306 0.8931599577604813
2307 0.8932348346148276
2308 0.8933092603861749
2309 0.8933829887889383
2310 0.8934570151300282
2311 0.8935317056211767
2312 0.8936060818488666
2313 0.8936796211668767
2314 0.893753469512434
2315 0.8938274503726029
2316 0.8938998596909741
2317 0.8939736067800941
2318 0.8940472374298007
2319 0.8941203026414507
2320 0.8941928709525588
2321 0.8942656578283735
2322 0.8943393718430681
2323 0.8944122822559045
2324 0.8944858245678062
2325 0.8945584666118869
2326 0.8946309710908449
2327 0.8947031510957238
2328 0.8947748379834035
2329 0.8948471254180558
2330 0.894920145385039
2331 0.894992517437599
2332 0.8950649116023445
2333 0.8951369898052601
2334 0.89520941308087
2335 0.8952811932737144
2336 0.8953535663048492
2337 0.8954263684193228
2338 0.8954980106884292
2339 0.8955700789411215
2340 0.8956422541595651
2341 0.8957140705224034
2342 0.8957848963096985
2343 0.8958573250789444
2344 0.8959278124733605
2345 0.8959987100910496
2346 0.8960694498924486
2347 0.8961408165331991
2348 0.896211934180401
2349 0.896283272191808
2350 0.896353827133814
2351 0.8964228150390059
2352 0.8964932885058595
2353 0.8965651895773811
2354 0.896636905315545
2355 0.8967077420102735
2356 0.8967781372445698
2357 0.8968476271029362
2358 0.896918532151986
2359 0.8969902075514858
2360 0.8970608220041539
2361 0.897130130044602
2362 0.8971996332285284
2363 0.8972697100908229
2364 0.897339888619939
2365 0.8974104481314469
2366 0.8974805740111415
2367 0.897551279953534
2368 0.8976216769141231
2369 0.8976921457165679
2370 0.8977614937482238
2371 0.8978315919772304
2372 0.8979003540350494
2373 0.8979693835489582
2374 0.8980377775113841
2375 0.8981075538219335
2376 0.8981761329325691
2377 0.89824497761086
2378 0.8983132503226845
2379 0.8983826023730602
2380 0.8984519536589949
2381 0.8985207542762423
2382 0.89858946511925
2383 0.8986565610488275
2384 0.8987235120679117
2385 0.8987924334500795
2386 0.8988593923041639
2387 0.8989286251449431
2388 0.8989970031336104
2389 0.8990651202456097
2390 0.8991334292537344
2391 0.8992011937122714
2392 0.899270187435851
2393 0.899338452628368
2394 0.8994060197959696
2395 0.8994738636059862
2396 0.8995417656447011
2397 0.8996082989836216
2398 0.8996752735194078
2399 0.8997426754124302
2400 0.8998101494438983
2401 0.8998771120861975
2402 0.8999443201140389
2403 0.9000110312330191
2404 0.900079059517358
2405 0.9001463566060324
2406 0.9002129749261782
2407 0.9002799921700833
2408 0.9003470568923698
2409 0.9004133437364439
2410 0.9004796316607503
2411 0.9005457471053769
2412 0.9006119941914703
2413 0.9006785961125368
2414 0.9007453730638139
2415 0.9008124953544717
2416 0.9008799245750573
2417 0.9009462049204374
2418 0.9010122574285359
2419 0.9010778529681054
2420 0.9011443707673183
2421 0.901209961951125
2422 0.9012749313006099
2423 0.9013402155127224
2424 0.9014066070721551
2425 0.9014725481881727
2426 0.901537715015112
2427 0.9016034830663208
2428 0.9016693277725838
2429 0.9017350666998792
2430 0.9018014178418384
2431 0.9018672725738397
2432 0.9019334339373021
2433 0.9019992685982346
2434 0.9020636236324955
2435 0.9021282752026314
2436 0.9021923557544901
2437 0.9022572153697456
2438 0.902322529541773
2439 0.9023858050720088
2440 0.9024502017186465
2441 0.9025147238125645
2442 0.9025781667031567
2443 0.9026418946109548
2444 0.902707135986205
2445 0.9027709369399046
2446 0.9028360082495025
2447 0.9029005960446305
2448 0.9029649817931313
2449 0.9030293671395077
2450 0.9030925474354691
2451 0.9031559651392917
2452 0.9032205821053223
2453 0.903283941807934
2454 0.9033484353668678
2455 0.9034124563178394
2456 0.903475677158183
2457 0.9035389912670628
2458 0.903603306670711
2459 0.9036668266297756
2460 0.9037296746946651
2461 0.9037945867584748
2462 0.9038578293006332
2463 0.9039198310145456
2464 0.9039831826528316
2465 0.9040458979569569
2466 0.9041087236320183
2467 0.9041719911013427
2468 0.9042340653173883
2469 0.9042960924855503
2470 0.9043590770941075
2471 0.9044218256953701
2472 0.9044848352312429
2473 0.9045476932503084
2474 0.9046114615925787
2475 0.9046745575900735
2476 0.9047375429641128
2477 0.9047991830342252
2478 0.9048616682511575
2479 0.9049243014348913
2480 0.904985771793672
2481 0.9050479330553609
2482 0.9051096746262224
2483 0.9051720033494218
2484 0.9052335314537805
2485 0.9052954942585671
2486 0.9053575610408593
2487 0.9054185274813622
2488 0.9054792898338256
2489 0.9055405638625189
2490 0.9056021939194618
2491 0.9056634562750943
2492 0.9057248993839955
2493 0.9057863430960552
2494 0.9058468421442452
2495 0.9059083022803871
2496 0.905970075886763
2497 0.9060319789252458
2498 0.9060936194572646
2499 0.906154499543537
2500 0.9062160871332215
2501 0.9062760591846294
2502 0.9063372349438255
2503 0.9063977561302049
2504 0.9064584870370125
2505 0.9065185639371668
2506 0.9065791221127537
2507 0.9066395134841511
2508 0.906700607009235
2509 0.9067611654500703
2510 0.906820894618863
2511 0.9068817487150325
2512 0.906941329432081
2513 0.907000660168484
2514 0.9070602949672935
2515 0.9071201461143064
2516 0.9071805248776721
2517 0.9072386526124623
2518 0.9072975023137596
2519 0.907356968077091
2520 0.907416397831903
2521 0.9074760404271257
2522 0.9075356798311027
2523 0.9075950080560823
2524 0.907654339220674
2525 0.9077133443286717
2526 0.907772878256463
2527 0.9078318592683136
2528 0.9078902611566406
2529 0.9079484789228607
2530 0.9080082088794151
2531 0.9080663333330701
2532 0.9081248705234551
2533 0.9081836400806995
2534 0.9082414828369573
2535 0.908300705026916
2536 0.9083601822795533
2537 0.908418657996006
2538 0.9084769588262895
2539 0.9085345934124637
2540 0.9085925881067223
2541 0.9086514195059506
2542 0.9087093116976699
2543 0.9087675755816269
2544 0.9088254366832115
2545 0.9088835563374419
2546 0.9089415727152639
2547 0.9089996837772087
2548 0.9090576555189269
2549 0.9091151708379932
2550 0.9091737754009747
2551 0.9092319483664604
2552 0.9092902108991393
2553 0.9093490678593118
2554 0.9094063473912853
2555 0.9094646365539508
2556 0.9095226749443965
2557 0.9095806012644927
2558 0.9096375196417402
2559 0.9096941656420562
2560 0.9097514405582366
2561 0.9098086558904426
2562 0.9098659153111385
2563 0.9099234864766257
2564 0.9099819183978363
2565 0.9100384358121527
2566 0.9100955636420338
2567 0.9101522053866172
2568 0.9102091955748898
2569 0.9102671237824536
2570 0.9103242290056884
2571 0.9103813625415516
2572 0.9104375380763896
2573 0.9104939860350195
2574 0.9105505622058742
2575 0.9106065882284554
2576 0.9106625556913797
2577 0.9107187689081883
2578 0.9107748553307344
2579 0.9108304348618714
2580 0.9108870502637451
2581 0.9109420573466375
2582 0.9109985451555179
2583 0.9110542838955756
2584 0.9111100963995843
2585 0.9111667460029337
2586 0.9112222279488668
2587 0.9112771162008401
2588 0.9113327661528603
2589 0.9113881845643605
2590 0.9114447739172283
2591 0.9115007846779444
2592 0.9115556872995265
2593 0.9116109061160648
2594 0.9116652004841928
2595 0.9117197352363584
2596 0.9117752483361162
2597 0.9118312475649237
2598 0.91188706710946
2599 0.9119432577859857
2600 0.9119977548104667
2601 0.9120534178557682
2602 0.9121076726475278
2603 0.9121628904190888
2604 0.9122176481999766
2605 0.9122718995003255
2606 0.9123267372128296
2607 0.9123822077940288
2608 0.9124363820373294
2609 0.9124904397809548
2610 0.9125448800167155
2611 0.9125991230815705
2612 0.9126532729653579
2613 0.9127082040187733
2614 0.9127626296135409
2615 0.9128162292882006
2616 0.9128705512914568
2617 0.9129247907579549
2618 0.9129788516715892
2619 0.9130325980095542
2620 0.9130864014251834
2621 0.9131403257177589
2622 0.9131946298224043
2623 0.913248599290618
2624 0.9133025358870479
2625 0.9133558588510879
2626 0.9134094568259395
2627 0.9134629780173371
2628 0.9135165397852177
2629 0.9135701219433792
2630 0.9136239872133103
2631 0.9136775879938148
2632 0.9137299589925224
2633 0.9137830534186853
2634 0.9138361127005967
2635 0.9138889724657858
2636 0.9139424260763993
2637 0.9139959196136785
2638 0.9140485553837135
2639 0.9141021269658344
2640 0.9141552665332084
2641 0.914208631774404
2642 0.9142607677616821
2643 0.914314061988944
2644 0.9143668240237017
2645 0.9144203299422735
2646 0.9144738917722338
2647 0.9145267911506217
2648 0.9145789450916514
2649 0.9146311546162402
2650 0.9146838531009946
2651 0.9147363775499472
2652 0.9147887493797179
2653 0.914840812098919
2654 0.914893370567582
2655 0.9149456784912829
2656 0.9149980011647745
2657 0.9150493603690324
2658 0.9151017840723117
2659 0.9151545593130107
2660 0.9152071193994448
2661 0.9152592758891553
2662 0.9153118439330598
2663 0.9153642648310784
2664 0.91541629528494
2665 0.9154680096003618
2666 0.9155193548222578
2667 0.9155707716368319
2668 0.9156219698752024
2669 0.9156739858231981
2670 0.9157259091381397
2671 0.9157774147647605
2672 0.9158289689865855
2673 0.9158795715118148
2674 0.9159311902959795
2675 0.9159824853621494
2676 0.9160334583485976
2677 0.9160853443230642
2678 0.9161364555587205
2679 0.9161879370367826
2680 0.9162388302933681
2681 0.9162904304664344
2682 0.9163413700053179
2683 0.916393013676626
2684 0.9164430919167398
2685 0.9164933987489324
2686 0.9165433574716457
2687 0.9165953885453122
2688 0.9166464926990111
2689 0.9166971322414812
2690 0.9167481564643818
2691 0.9167987253464925
2692 0.9168493793705524
2693 0.9169011597817862
2694 0.9169508447074802
2695 0.9170002296420556
2696 0.917051325242438
2697 0.9171012718011705
2698 0.9171515193812738
2699 0.9172018403243285
2700 0.9172515717317992
2701 0.9173018680986955
2702 0.9173529373963506
2703 0.9174036433488278
2704 0.9174533099279445
2705 0.9175033280105704
2706 0.917553220968501
2707 0.9176030606352171
2708 0.9176528627099149
2709 0.9177025614082504
2710 0.9177520163458882
2711 0.917802151607635
2712 0.9178512009900591
2713 0.9179009631266596
2714 0.9179504901829644
2715 0.9180007753689551
2716 0.9180492743127695
2717 0.9180977333574559
2718 0.9181473442263537
2719 0.9181964422371682
2720 0.9182454372679172
2721 0.9182946759335465
2722 0.9183435604775219
2723 0.9183909266914049
2724 0.9184399132760837
2725 0.9184890703388373
2726 0.9185384609291589
2727 0.9185875486537769
2728 0.918636893743296
2729 0.9186851888785523
2730 0.9187347004955221
2731 0.918783591025936
2732 0.9188319118492516
2733 0.9188809401819231
2734 0.9189286938079141
2735 0.9189772169456154
2736 0.9190260426191149
2737 0.9190735665672389
2738 0.9191222572003733
2739 0.9191702457762772
2740 0.9192188677725487
2741 0.9192674793635467
2742 0.9193157677108431
2743 0.9193643694952713
2744 0.9194123282035973
2745 0.9194605949610908
2746 0.9195089159643792
2747 0.9195571596231777
2748 0.9196054664196458
2749 0.9196535368486602
2750 0.9197009850147818
2751 0.9197488484161871
2752 0.9197968980434582
2753 0.9198449731960971
2754 0.9198923521861372
2755 0.9199397722182302
2756 0.9199878222332402
2757 0.9200352120079457
2758 0.9200830125800069
2759 0.9201310819208206
2760 0.9201781498284
2761 0.9202244991651848
2762 0.9202715473157193
2763 0.920319170514071
2764 0.9203662899342133
2765 0.9204136578839047
2766 0.920461231754799
2767 0.9205087650452052
2768 0.9205559207899656
2769 0.920602830822807
2770 0.9206498185129579
2771 0.9206964626983051
2772 0.9207432526606619
2773 0.9207895970383557
2774 0.9208367935315706
2775 0.920884316538337
2776 0.9209320934141267
2777 0.9209794954512188
2778 0.9210259498363184
2779 0.9210731611563054
2780 0.921119518228555
2781 0.9211659656492088
2782 0.9212126913936505
2783 0.9212599179034532
2784 0.9213062042583384
2785 0.9213525424719177
2786 0.9213984102836416
2787 0.9214455844582156
2788 0.9214920406610043
2789 0.9215386270235209
2790 0.9215843568101514
2791 0.9216306949480276
2792 0.9216759233912156
2793 0.9217224692993115
2794 0.9217680683874739
2795 0.9218138101970516
2796 0.921859826250613
2797 0.9219062461369166
2798 0.9219521442390091
2799 0.921997791017208
2800 0.9220434996478171
2801 0.9220882671811039
2802 0.9221342789009801
2803 0.9221795889799905
2804 0.9222245274711652
2805 0.9222704211029198
2806 0.9223152162206341
2807 0.9223612557738985
2808 0.9224067592886754
2809 0.9224519544033795
2810 0.9224965591528983
2811 0.9225420025053146
2812 0.9225874208269574
2813 0.922632630621466
2814 0.9226771656788063
2815 0.9227221767789827
2816 0.9227678028178574
2817 0.9228128715428402
2818 0.9228583013667822
2819 0.9229035321506402
2820 0.9229478575406866
2821 0.9229927612563975
2822 0.9230375771015085
2823 0.9230819821143436
2824 0.9231272565675551
2825 0.9231722437950108
2826 0.9232171269163613
2827 0.9232617082403709
2828 0.9233065340136408
2829 0.9233510393849974
2830 0.923395095692235
2831 0.923439689872365
2832 0.9234837224889324
2833 0.9235278016044031
2834 0.9235712871068713
2835 0.9236157794690112
2836 0.9236607106401886
2837 0.9237047931261256
2838 0.9237488466428898
2839 0.9237927367584482
2840 0.9238363395921545
2841 0.9238808002554704
2842 0.9239250549334355
2843 0.9239686605821601
2844 0.9240125589611636
2845 0.924056937281008
2846 0.9241009704501298
2847 0.9241447229842563
2848 0.9241894255389566
2849 0.924233851748127
2850 0.9242782112697536
2851 0.9243226431120728
2852 0.9243662377004496
2853 0.924409541402075
2854 0.9244527212676114
2855 0.9244964500462898
2856 0.9245397441588105
2857 0.9245831792096152
2858 0.9246259677202919
2859 0.9246685666924859
2860 0.9247119604290297
2861 0.9247552237586325
2862 0.9247985707159132
2863 0.9248413279497476
2864 0.9248851344285143
2865 0.924928732254799
2866 0.924971196870006
2867 0.9250149972852265
2868 0.9250580068084737
2869 0.92510018722418
2870 0.9251431657932415
2871 0.9251859701326948
2872 0.9252286897205394
2873 0.9252718155082459
2874 0.9253150829493118
2875 0.9253586903479515
2876 0.9254016429803374
2877 0.9254443826083398
2878 0.9254865491853715
2879 0.9255298967960385
2880 0.9255723148295137
2881 0.9256146028217701
2882 0.9256571124269669
2883 0.9256988926785967
2884 0.9257411521526747
2885 0.9257848106508048
2886 0.9258276355362794
2887 0.9258703293652857
2888 0.9259129824549269
2889 0.9259552511354466
2890 0.9259972411085754
2891 0.9260386214992138
2892 0.9260808637921867
2893 0.9261227609691497
2894 0.9261642016168582
2895 0.9262063956102716
2896 0.9262484081948372
2897 0.9262905631903482
2898 0.9263326845457095
2899 0.9263746425265461
2900 0.926416675222879
2901 0.9264579364728401
2902 0.9264996894055025
2903 0.9265408873580673
2904 0.9265824085509045
2905 0.9266241893263636
2906 0.9266655494292906
2907 0.9267079651044535
2908 0.9267493843090582
2909 0.926790752176145
2910 0.9268322009970661
2911 0.9268742354141566
2912 0.9269151539677882
2913 0.926957734018567
2914 0.926998882798632
2915 0.9270396312868084
2916 0.9270812442246389
2917 0.9271226765528937
2918 0.9271636305498464
2919 0.927204840179987
2920 0.9272453088153969
2921 0.9272857604357575
2922 0.9273274101437153
2923 0.9273683303446987
2924 0.927408938267692
2925 0.9274494875900873
2926 0.927491374246489
2927 0.927532801049714
2928 0.927574181002321
2929 0.9276149515499174
2930 0.9276561374098863
2931 0.9276969918412576
2932 0.9277377494606142
2933 0.9277785493037584
2934 0.927818821547226
2935 0.9278589655598758
2936 0.9278992885871852
2937 0.9279398439841907
2938 0.9279797040667329
2939 0.9280194952838594
2940 0.9280608284545879
2941 0.9281005957397861
2942 0.9281413390320405
2943 0.9281816591557606
2944 0.9282216187005385
2945 0.9282615717654438
2946 0.9283022443247921
2947 0.9283419489017475
2948 0.928381984463608
2949 0.9284224126573658
2950 0.9284626583045567
2951 0.928501869360225
2952 0.9285416122624441
2953 0.9285823613477514
2954 0.9286223136537493
2955 0.9286618595207352
2956 0.9287018352101515
2957 0.9287421064279799
2958 0.9287817754482334
2959 0.9288210876962429
2960 0.9288607968719196
2961 0.9289000439497366
2962 0.928938691270063
2963 0.9289780518602577
2964 0.9290174377936388
2965 0.9290570063117652
2966 0.929096241720528
2967 0.9291347365514847
2968 0.9291737189322302
2969 0.9292126087973334
2970 0.9292512640909129
2971 0.9292896227128009
2972 0.9293291040409987
2973 0.9293689506762357
2974 0.9294082352431143
2975 0.9294469354156208
2976 0.9294859696025842
2977 0.9295255198831238
2978 0.9295649795822452
2979 0.9296046592953544
2980 0.929643576540335
2981 0.9296815004805582
2982 0.9297206920329791
2983 0.9297593240521443
2984 0.9297989309860516
2985 0.9298373463958187
2986 0.929876341620265
2987 0.9299159391918114
2988 0.9299548074913342
2989 0.9299934588614016
2990 0.9300322518750919
2991 0.9300705148114143
2992 0.9301092065201698
2993 0.9301479429394571
2994 0.9301865602214665
2995 0.9302253874259875
2996 0.9302641223779509
2997 0.9303026954103063
2998 0.9303409345326777
2999 0.930380134949469
3000 0.9304188654890675
3001 0.9304577244212247
3002 0.9304958416826712
3003 0.93053361270429
3004 0.9305725771777317
3005 0.9306103855624067
3006 0.9306490527800794
3007 0.9306877157865453
3008 0.930726350184964
3009 0.9307645525825229
3010 0.9308029047536658
3011 0.9308414604450046
3012 0.9308790990932433
3013 0.930917331976813
3014 0.9309554793691932
3015 0.9309934050207478
3016 0.9310323677574193
3017 0.9310696705870496
3018 0.9311073926271571
3019 0.9311458127621243
3020 0.9311839066980098
3021 0.9312219571364706
3022 0.9312590351740367
3023 0.9312971115778365
3024 0.9313347426328258
3025 0.9313724258458514
3026 0.931409952909507
3027 0.9314472394919167
3028 0.9314851546991152
3029 0.9315224490469035
3030 0.9315605561540476
3031 0.9315981916414519
3032 0.9316356023704632
3033 0.93167291056139
3034 0.931710437326114
3035 0.9317474124440487
3036 0.931784934368094
3037 0.9318217323483854
3038 0.931859419805454
3039 0.9318962681113588
3040 0.9319332434462989
3041 0.9319705170052669
3042 0.9320072021996539
3043 0.9320437796880593
3044 0.9320804150918347
3045 0.9321178968508602
3046 0.9321558210789483
3047 0.9321925947333648
3048 0.9322291808085542
3049 0.9322659569490346
3050 0.9323025727620767
3051 0.9323393176288288
3052 0.9323754331202353
3053 0.9324126337957094
3054 0.9324492596645239
3055 0.9324863816835525
3056 0.932522395837329
3057 0.9325591945279167
3058 0.9325956344849081
3059 0.9326331551181474
3060 0.9326704144856977
3061 0.9327069188086576
3062 0.9327433258419354
3063 0.9327800286051003
3064 0.9328164380646611
3065 0.9328526896094939
3066 0.9328896289716664
3067 0.9329262412496542
3068 0.9329629852939666
3069 0.9329995251215504
3070 0.9330356279633848
3071 0.9330715976088025
3072 0.9331080739133353
3073 0.9331445132705051
3074 0.9331800322187855
3075 0.9332158412266389
3076 0.9332518522611402
3077 0.933287778362508
3078 0.9333240522328271
3079 0.9333596896779225
3080 0.9333957456953471
3081 0.9334311795420349
3082 0.9334669484136188
3083 0.933502949180429
3084 0.9335381173467137
3085 0.9335741693588898
3086 0.9336103871419316
3087 0.9336459173661554
3088 0.9336820847845807
3089 0.933718324388393
3090 0.9337541157949005
3091 0.9337895539911594
3092 0.9338248890341765
3093 0.9338605342390656
3094 0.9338956875723016
3095 0.9339318635575584
3096 0.9339669729063642
3097 0.9340024157606496
3098 0.9340380507462508
3099 0.9340738318435567
3100 0.9341096898531268
3101 0.9341450536285139
3102 0.9341794738169125
3103 0.9342141794301682
3104 0.9342489943835488
3105 0.9342843301344473
3106 0.9343201390011815
3107 0.9343555441716322
3108 0.9343901511732019
3109 0.9344248451799227
3110 0.9344594987025867
3111 0.9344947316673582
3112 0.9345295894563025
3113 0.9345648286600131
3114 0.9346001908915305
3115 0.9346352213220344
3116 0.9346699917308001
3117 0.9347043588736125
3118 0.9347392425502471
3119 0.934774008131688
3120 0.9348084077898043
3121 0.9348431461082716
3122 0.9348775149829511
3123 0.9349122483643912
3124 0.9349466873320326
3125 0.9349814850077514
3126 0.9350163887074806
3127 0.9350512186736493
3128 0.9350859134227226
3129 0.9351206187888075
3130 0.9351539901173253
3131 0.9351882848542121
3132 0.9352223146357096
3133 0.9352563198951284
3134 0.9352906710776286
3135 0.9353255371879738
3136 0.9353600770882572
3137 0.9353939270577734
3138 0.9354282620564325
3139 0.9354621118338172
3140 0.9354959672537856
3141 0.9355297915265802
3142 0.9355632302294395
3143 0.9355973929234754
3144 0.9356318437953624
3145 0.9356658126805532
3146 0.935699498549935
3147 0.9357337014788703
3148 0.9357671872492163
3149 0.9358010002745047
3150 0.9358347463932778
3151 0.9358685095190548
3152 0.935902112785359
3153 0.9359358671041258
3154 0.9359696963702788
3155 0.9360033803421406
3156 0.9360375881450366
3157 0.936071621229897
3158 0.9361053241228373
3159 0.9361391590960801
3160 0.9361723364634484
3161 0.9362062816503137
3162 0.9362395282396059
3163 0.9362731873788724
3164 0.936306561219377
3165 0.9363404125583707
3166 0.9363738652202201
3167 0.9364078122866327
3168 0.9364415570322455
3169 0.9364746445625223
3170 0.936508591843512
3171 0.9365419697268202
3172 0.936575109464478
3173 0.9366086323200563
3174 0.9366420222677637
3175 0.9366756904056942
3176 0.93670913639577
3177 0.9367414693457174
3178 0.9367742636502556
3179 0.936806829435589
3180 0.9368403627540964
3181 0.9368743623724094
3182 0.9369071021879264
3183 0.936939711748676
3184 0.936972750606548
3185 0.9370060354894292
3186 0.9370379052593747
3187 0.9370710179169929
3188 0.937104052968399
3189 0.9371360555269554
3190 0.9371684559748418
3191 0.9372013748076805
3192 0.9372340678328462
3193 0.9372666032879512
3194 0.9372993708734959
3195 0.9373322052681509
3196 0.9373643396376335
3197 0.9373968621553683
3198 0.9374297451772419
3199 0.9374625978048933
3200 0.9374955610383752
3201 0.937528089899934
3202 0.937560891815801
3203 0.9375938052915195
3204 0.9376265839932115
3205 0.9376595472828485
3206 0.9376916357875806
3207 0.9377237130184575
3208 0.9377558346215372
3209 0.9377879968865622
3210 0.937820282204712
3211 0.9378528099166807
3212 0.9378854422124546
3213 0.9379174908164716
3214 0.9379489879669607
3215 0.9379812945756063
3216 0.9380139742394931
3217 0.9380464442024611
3218 0.9380787939866024
3219 0.9381110401351224
3220 0.9381428869843317
3221 0.938174887990196
3222 0.9382069017776682
3223 0.9382385413260688
3224 0.9382702105827542
3225 0.9383026697836276
3226 0.9383344563343786
3227 0.9383657974423125
3228 0.9383982302210975
3229 0.938430400962786
3230 0.938462026773462
3231 0.9384941848377055
3232 0.9385255996102974
3233 0.9385572001163375
3234 0.9385888057983973
3235 0.938620077113473
3236 0.9386514319789335
3237 0.938683013704545
3238 0.9387154280389206
3239 0.9387469507118877
3240 0.9387785506631309
3241 0.938810346504011
3242 0.9388418787606405
3243 0.9388731535778294
3244 0.9389040660714475
3245 0.9389357227831466
3246 0.9389670929866661
3247 0.9389982937942637
3248 0.9390300868674976
3249 0.9390610621210002
3250 0.939092130611077
3251 0.9391242388388892
3252 0.9391557028351506
3253 0.939186734320474
3254 0.9392181348631895
3255 0.9392495894259463
3256 0.9392804021199087
3257 0.9393116361595306
3258 0.939342743464108
3259 0.9393736701719546
3260 0.9394049027831191
3261 0.9394365302230688
3262 0.9394676512323237
3263 0.9394991805466436
3264 0.9395300702109106
3265 0.9395611253974298
3266 0.9395921578810131
3267 0.9396231873538651
3268 0.9396535407954312
3269 0.9396844735523899
3270 0.9397155247999605
3271 0.9397462185251357
3272 0.9397773043132457
3273 0.9398080740021683
3274 0.9398382642300322
3275 0.9398698137504801
3276 0.9399005504201813
3277 0.9399315578724361
3278 0.9399622016574003
3279 0.9399927816466451
3280 0.9400235110594888
3281 0.9400544584218957
3282 0.94008502784617
3283 0.9401151959839148
3284 0.9401458908618999
3285 0.9401759813425071
3286 0.9402063240904588
3287 0.9402373731232934
3288 0.9402679899295631
3289 0.9402983698813454
3290 0.9403286013168806
3291 0.9403585387959035
3292 0.9403891909691937
3293 0.9404198052823369
3294 0.940450539485828
3295 0.9404804817449773
3296 0.9405105780154687
3297 0.9405405630245469
3298 0.9405699360699777
3299 0.9405996713919859
3300 0.9406300680399191
3301 0.9406599734160617
3302 0.9406904754701233
3303 0.9407206733044535
3304 0.9407503190048604
3305 0.9407805402371121
3306 0.9408106531734446
3307 0.9408406409519557
3308 0.9408709326485611
3309 0.9409007265491516
3310 0.9409303396317342
3311 0.9409608312289568
3312 0.9409919102800688
3313 0.941022267948111
3314 0.9410522066682752
3315 0.9410822844895769
3316 0.941111126653141
3317 0.9411408267986553
3318 0.9411712233624562
3319 0.9412008928892457
3320 0.9412308907178975
3321 0.9412606720949475
3322 0.9412905451280082
3323 0.9413202052741225
3324 0.9413495064797534
3325 0.941378842584481
3326 0.9414087700860504
3327 0.9414380830369098
3328 0.9414679180834501
3329 0.9414974700178473
3330 0.94152638367407
3331 0.9415557100475342
3332 0.9415849236245742
3333 0.941614238055927
3334 0.9416436710416718
3335 0.9416723842200251
3336 0.9417019611671237
3337 0.9417309356287132
3338 0.9417606917057828
3339 0.9417897254020576
3340 0.9418197401353177
3341 0.9418483655491166
3342 0.9418776856239338
3343 0.9419068202228563
3344 0.9419366131896874
3345 0.9419656904737267
3346 0.9419939512180834
3347 0.9420225947915294
3348 0.9420512732279499
3349 0.9420801063125931
3350 0.9421091162377324
3351 0.9421380424896921
3352 0.9421674186656948
3353 0.9421961632021425
3354 0.942225319180338
3355 0.9422543624838762
3356 0.9422833426338237
3357 0.9423119574298446
3358 0.9423406405347977
3359 0.9423699878653672
3360 0.9423987385669357
3361 0.9424274855251853
3362 0.9424562429879226
3363 0.9424848436130168
3364 0.9425129082373156
3365 0.9425413824785742
3366 0.942570312868048
3367 0.9425993812841195
3368 0.9426275392300894
3369 0.9426556292483966
3370 0.9426832357704351
3371 0.9427112373652935
3372 0.9427398569739237
3373 0.9427685590133025
3374 0.9427973461473171
3375 0.9428256885916303
3376 0.9428544941755265
3377 0.9428832025217275
3378 0.942911216523531
3379 0.9429393131327894
3380 0.9429682946662522
3381 0.9429972084756375
3382 0.9430252399291139
3383 0.9430534315042675
3384 0.9430811641912261
3385 0.9431092565903783
3386 0.9431376315953303
3387 0.9431652538210854
3388 0.9431932660532582
3389 0.943221208069069
3390 0.9432498744240342
3391 0.943278015721823
3392 0.9433062758500704
3393 0.943334453256684
3394 0.9433626722256604
3395 0.9433910195013382
3396 0.9434190625054649
3397 0.9434466686615256
3398 0.9434748941114929
3399 0.9435029346951848
3400 0.9435307701188734
3401 0.9435580949267128
3402 0.9435852146539693
3403 0.9436131132130348
3404 0.9436409751274397
3405 0.9436685667099143
3406 0.9436964660480593
3407 0.9437244070419984
3408 0.9437521808332844
3409 0.9437798225754801
3410 0.943807517622189
3411 0.9438350499433406
3412 0.9438625639829052
3413 0.943890418156094
3414 0.9439177168211325
3415 0.9439448257972586
3416 0.9439727955432382
3417 0.944000554919091
3418 0.9440284888966423
3419 0.9440563033037951
3420 0.9440838300670434
3421 0.9441113641839999
3422 0.9441391410804914
3423 0.9441663335412659
3424 0.9441931878140928
3425 0.9442206389796433
3426 0.9442480553909303
3427 0.9442755209442087
3428 0.9443029012789307
3429 0.944329700091426
3430 0.9443571390183043
3431 0.9443841864507994
3432 0.9444109735131319
3433 0.9444387811289108
3434 0.9444654016807652
3435 0.94449284267492
3436 0.9445196516881498
3437 0.9445466206858564
3438 0.9445737248441906
3439 0.9446009651591791
3440 0.944628222870602
3441 0.9446547341612987
3442 0.9446811963565808
3443 0.9447085583383621
3444 0.9447354827650194
3445 0.9447619824748362
3446 0.944788601570159
3447 0.9448149943433498
3448 0.9448416834682035
3449 0.944868603531879
3450 0.9448955789608696
3451 0.9449227767601225
3452 0.9449496149875
3453 0.9449762865952903
3454 0.9450033694587759
3455 0.9450300156348684
3456 0.945056913877816
3457 0.9450839211215404
3458 0.9451104783736983
3459 0.9451368716673364
3460 0.9451638988810297
3461 0.9451905867935169
3462 0.9452179290682415
3463 0.9452449407691595
3464 0.9452711281458306
3465 0.945297549576771
3466 0.9453246845465714
3467 0.9453517366251063
3468 0.9453778953568374
3469 0.9454046000082991
3470 0.9454312769285099
3471 0.9454575909343003
3472 0.9454834617577125
3473 0.9455099479142087
3474 0.9455362754220186
3475 0.9455623694988081
3476 0.9455889335495796
3477 0.9456154165101806
3478 0.9456416592251342
3479 0.9456676754934252
3480 0.9456940346029677
3481 0.9457204031505357
3482 0.9457464718650147
3483 0.9457730022341083
3484 0.9457993544992175
3485 0.9458252221481359
3486 0.9458514460997132
3487 0.9458775856123479
3488 0.945904088058123
3489 0.94593017991754
3490 0.9459566728132115
3491 0.9459827992220043
3492 0.9460087507455606
3493 0.9460347898121961
3494 0.9460606048743564
3495 0.9460866465505261
3496 0.9461121422734952
3497 0.9461379463789735
3498 0.9461638716694446
3499 0.946189984167111
3500 0.9462160299860488
3501 0.9462422541680697
3502 0.9462680420308153
3503 0.946293433363112
3504 0.9463188470311249
3505 0.9463448164210638
3506 0.9463703161460825
3507 0.9463961793131691
3508 0.9464221839552843
3509 0.9464481909715537
3510 0.9464741496453987
3511 0.9464995851001574
3512 0.9465247648852294
3513 0.9465504473252938
3514 0.9465765544999929
3515 0.9466021582080767
3516 0.9466281992579806
3517 0.946653972918637
3518 0.9466796673147073
3519 0.9467054787466996
3520 0.9467309293606825
3521 0.9467556786018141
3522 0.946781205546955
3523 0.9468067351926674
3524 0.9468322957438261
3525 0.9468576245372025
3526 0.9468833490366723
3527 0.946908818016578
3528 0.9469339168074273
3529 0.9469590176482118
3530 0.9469840400944326
3531 0.9470095070532166
3532 0.9470344266898918
3533 0.9470595355254426
3534 0.9470847102222458
3535 0.9471103894962919
3536 0.9471350788452159
3537 0.9471602513770353
3538 0.9471856151263135
3539 0.9472108477998933
3540 0.9472361704181692
3541 0.947260958754577
3542 0.9472862971417986
3543 0.9473119665208349
3544 0.9473374835375471
3545 0.9473627459001814
3546 0.9473882265835555
3547 0.9474132878460069
3548 0.9474384394651267
3549 0.9474637311365157
3550 0.947488746686672
3551 0.9475130068249273
3552 0.9475377110498904
3553 0.9475626562927412
3554 0.9475875183997325
3555 0.94761207937613
3556 0.9476368661790601
3557 0.9476621040850617
3558 0.947686579792924
3559 0.9477113279940698
3560 0.9477358344428761
3561 0.9477607269632441
3562 0.9477854548000917
3563 0.9478104440209549
3564 0.9478354702510818
3565 0.9478605547751127
3566 0.9478856413940602
3567 0.9479100981537596
3568 0.9479348641009295
3569 0.9479599346722294
3570 0.9479844415590292
3571 0.9480082228708717
3572 0.94803215461415
3573 0.9480567485688861
3574 0.9480810643595735
3575 0.9481060829773893
3576 0.948130229896281
3577 0.9481544613278733
3578 0.9481791842744199
3579 0.9482037427436253
3580 0.9482276969687364
3581 0.9482521653282056
3582 0.9482760253593739
3583 0.9483005120999078
3584 0.948324819051296
3585 0.9483495516573478
3586 0.9483743151775641
3587 0.9483988060991542
3588 0.9484231042760534
3589 0.9484472793293193
3590 0.9484717152632666
3591 0.9484957229749078
3592 0.9485197256070539
3593 0.9485441947914599
3594 0.9485686567920327
3595 0.9485934116750998
3596 0.9486176100269613
3597 0.9486412094663348
3598 0.9486651865871157
3599 0.9486894087121365
3600 0.9487134051838929
3601 0.9487375641618188
3602 0.9487616031430073
3603 0.9487851568944395
3604 0.9488088428211989
3605 0.9488324098133893
3606 0.9488562557386121
3607 0.9488799976959378
3608 0.9489044269507566
3609 0.9489283378941114
3610 0.9489524547144721
3611 0.9489764988536481
3612 0.9490000645684853
3613 0.9490239919502302
3614 0.9490480540518427
3615 0.9490720004873177
3616 0.9490952067545951
3617 0.9491187036227494
3618 0.949142520468709
3619 0.949165739970678
3620 0.9491895003015224
3621 0.949213057152793
3622 0.9492370168925365
3623 0.9492606214426597
3624 0.9492844743459247
3625 0.949307648136905
3626 0.9493311156737575
3627 0.9493546296451514
3628 0.9493780656800076
3629 0.9494018253343732
3630 0.9494254693154874
3631 0.9494489976949523
3632 0.9494722850167353
3633 0.9494956230420012
3634 0.9495188888651404
3635 0.9495421764137651
3636 0.949565194776563
3637 0.949588627312619
3638 0.9496124028738143
3639 0.9496362919806435
3640 0.9496603700552788
3641 0.9496838765172931
3642 0.9497068596719914
3643 0.9497304762808175
3644 0.9497543157501346
3645 0.9497777084018757
3646 0.9498006198170306
3647 0.949823806677082
3648 0.949846971148541
3649 0.9498700855748102
3650 0.9498932370265599
3651 0.9499166731433485
3652 0.949939473666729
3653 0.9499625926422527
3654 0.9499855693972952
3655 0.9500088975144415
3656 0.9500317257587542
3657 0.9500546926486098
3658 0.9500779928558195
3659 0.9501010951363251
3660 0.9501247719194407
3661 0.9501483051722112
3662 0.9501710874555065
3663 0.9501937572555091
3664 0.9502170364057543
3665 0.9502393982346939
3666 0.950262316948317
3667 0.9502847790626723
3668 0.9503077729232015
3669 0.9503302787184295
3670 0.9503531475865893
3671 0.9503762183666962
3672 0.9503993212174133
3673 0.9504218103770273
3674 0.9504445881408237
3675 0.950467140134727
3676 0.9504895220827712
3677 0.9505128624797732
3678 0.9505358659986638
3679 0.9505584831513709
3680 0.9505812005034833
3681 0.9506039725150977
3682 0.9506271066276608
3683 0.9506499377450955
3684 0.9506720384820322
3685 0.9506944467189163
3686 0.950716694020949
3687 0.9507394240504026
3688 0.9507621631388252
3689 0.950785111118374
3690 0.9508078303963637
3691 0.9508307784914224
3692 0.9508535742334978
3693 0.9508760629459411
3694 0.9508983780681983
3695 0.9509209307257527
3696 0.9509433041728441
3697 0.9509657109970469
3698 0.9509882391813703
3699 0.9510105809259014
3700 0.9510331552769143
3701 0.951055398074518
3702 0.9510777584445809
3703 0.9511000095280691
3704 0.9511223630721319
3705 0.9511447829666233
3706 0.9511666056170693
3707 0.9511892894521813
3708 0.9512118256461073
3709 0.9512340243199977
3710 0.9512561659393877
3711 0.9512783206455037
3712 0.9513007194584624
3713 0.951322452477379
3714 0.9513447717420144
3715 0.9513673314469554
3716 0.9513896401317006
3717 0.9514121453804858
3718 0.9514342269887895
3719 0.9514562939100151
3720 0.9514787697414345
3721 0.9515006568767388
3722 0.9515226272175059
3723 0.9515446623582092
3724 0.9515665706712821
3725 0.9515886803687904
3726 0.9516106107345247
3727 0.9516326392671607
3728 0.9516540676809934
3729 0.9516758787738236
3730 0.9516974188144788
3731 0.951719427106446
3732 0.9517413729430584
3733 0.9517634040632745
3734 0.9517861034558429
3735 0.9518080571893252
3736 0.9518296883133552
3737 0.9518518646460523
3738 0.951873825718634
3739 0.9518956816745597
3740 0.9519173776118625
3741 0.9519385535231862
3742 0.9519606063810258
3743 0.9519822724399039
3744 0.9520039836388662
3745 0.9520253151661351
3746 0.9520469622239212
3747 0.9520688939967475
3748 0.9520905757596556
3749 0.9521122956734066
3750 0.9521338097400318
3751 0.9521557456944693
3752 0.9521776585281917
3753 0.9521991558777131
3754 0.9522209198505296
3755 0.9522422726476437
3756 0.9522633741821314
3757 0.9522847401085569
3758 0.952306012294802
3759 0.9523274682040606
3760 0.9523489140193699
3761 0.9523708366789485
3762 0.9523921976153662
3763 0.9524134928460372
3764 0.9524347192638339
3765 0.9524564383812955
3766 0.9524779205705604
3767 0.9524991294890878
3768 0.9525203571631808
3769 0.9525416072315191
3770 0.9525628880156054
3771 0.9525844859178338
3772 0.952606280976885
3773 0.9526280180948146
3774 0.9526490838564046
3775 0.952670323731948
3776 0.9526915928833634
3777 0.9527126589583672
3778 0.9527334963545754
3779 0.9527547639938023
3780 0.9527761964951748
3781 0.952797364367293
3782 0.9528188305130569
3783 0.9528398839523489
3784 0.9528611145915865
3785 0.9528826484669487
3786 0.9529033635866204
3787 0.9529241441346791
3788 0.952945372676956
3789 0.9529660920760022
3790 0.9529865042855152
3791 0.9530077598935829
3792 0.9530288539782131
3793 0.9530501481137111
3794 0.9530709263395576
3795 0.9530921678974177
3796 0.9531136476297795
3797 0.9531346556564764
3798 0.9531561663007111
3799 0.953176665148464
3800 0.9531979040707875
3801 0.9532192682345341
3802 0.9532400729711604
3803 0.953261126314572
3804 0.9532817690442961
3805 0.9533029931321544
3806 0.953324232645141
3807 0.9533450843131931
3808 0.9533657935524353
3809 0.9533864667267601
3810 0.9534075363061324
3811 0.9534286703847217
3812 0.9534490297166417
3813 0.9534699255880019
3814 0.9534906361712878
3815 0.9535109205298731
3816 0.9535314892739561
3817 0.9535515623471221
3818 0.9535725046134635
3819 0.9535929067984885
3820 0.9536135977353417
3821 0.9536341774444753
3822 0.9536544613173834
3823 0.953674863745707
3824 0.9536954152171949
3825 0.9537156538431715
3826 0.9537362791076016
3827 0.9537572970267568
3828 0.9537779204516534
3829 0.953798245274604
3830 0.9538188897351632
3831 0.9538392239691652
3832 0.9538596284014766
3833 0.9538799726193466
3834 0.9539004906125129
3835 0.9539212686136981
3836 0.9539418222132043
3837 0.9539619622409856
3838 0.953982689574173
3839 0.9540028747920679
3840 0.9540235552694403
3841 0.9540436404764971
3842 0.954063959461804
3843 0.9540844285952635
3844 0.9541053674270094
3845 0.9541253946483859
3846 0.9541455452159598
3847 0.9541659952249787
3848 0.9541862786994574
3849 0.9542065222666446
3850 0.9542268464108979
3851 0.9542468760855557
3852 0.9542668928687374
3853 0.9542872714531724
3854 0.9543071107686177
3855 0.9543272544146507
3856 0.954347029412019
3857 0.9543671438878115
3858 0.9543869704653539
3859 0.954407461622178
3860 0.9544272955814124
3861 0.9544475943558884
3862 0.9544671680620568
3863 0.9544873047219727
3864 0.9545079814637635
3865 0.9545281128596107
3866 0.9545482830955384
3867 0.9545684848052443
3868 0.9545881824520901
3869 0.9546080699286195
3870 0.9546281229162674
3871 0.954648173719795
3872 0.9546682472475405
3873 0.9546881585826211
3874 0.9547080028344913
3875 0.954727996704777
3876 0.954748198864791
3877 0.954767868027196
3878 0.9547877178391568
3879 0.954807524556579
3880 0.9548264977054889
3881 0.9548459823882459
3882 0.9548655592143513
3883 0.9548856153752123
3884 0.9549053398693125
3885 0.954924999180928
3886 0.9549447862113232
3887 0.9549647668940754
3888 0.9549849046780712
3889 0.95500480911387
3890 0.9550245811912788
3891 0.9550444511795378
3892 0.9550641726768654
3893 0.9550839751984705
3894 0.9551034904790275
3895 0.95512250193585
3896 0.9551420271506735
3897 0.9551616641347536
3898 0.9551815284955024
3899 0.9552010122539867
3900 0.9552206761717826
3901 0.955240334116535
3902 0.9552598256028275
3903 0.9552794846750269
3904 0.9552990989006139
3905 0.9553188856816093
3906 0.9553387916356195
3907 0.9553586147704775
3908 0.9553783999163624
3909 0.9553978054376183
3910 0.9554172101133621
3911 0.9554372676761936
3912 0.9554568071392123
3913 0.9554760745085422
3914 0.9554954476864654
3915 0.9555152614007562
3916 0.9555343978143002
3917 0.9555535188897606
3918 0.9555729209516457
3919 0.9555926968785688
3920 0.9556121230323206
3921 0.9556317449693
3922 0.9556511324396523
3923 0.9556701417227903
3924 0.9556888685615673
3925 0.9557080487204472
3926 0.9557273103546543
3927 0.9557463520895843
3928 0.9557654171814557
3929 0.9557847065718523
3930 0.9558037073458114
3931 0.9558229902122197
3932 0.9558420168212746
3933 0.9558610687269249
3934 0.955880061779001
3935 0.9558994081894202
3936 0.9559187054205956
3937 0.9559377600183574
3938 0.9559569599914421
3939 0.9559761029747635
3940 0.9559950317941027
3941 0.9560140478161925
3942 0.9560331414913109
3943 0.9560523516198064
3944 0.9560710955653847
3945 0.9560901205861773
3946 0.9561092911695104
3947 0.9561282496736447
3948 0.9561469944183264
3949 0.9561660513511931
3950 0.95618487673973
3951 0.9562035818900235
3952 0.9562224627463287
3953 0.9562414775601399
3954 0.9562602701889278
3955 0.9562793603990114
3956 0.9562984011705807
3957 0.956317279725293
3958 0.9563362271966271
3959 0.9563552187491505
3960 0.9563741800551991
3961 0.9563933226834858
3962 0.9564117877702456
3963 0.9564310153619643
3964 0.9564497378260568
3965 0.9564683642946931
3966 0.9564870824933032
3967 0.9565060205239532
3968 0.9565249820102562
3969 0.9565440765344596
3970 0.9565624860873078
3971 0.956581587502944
3972 0.956600428718923
3973 0.9566185996892678
3974 0.9566373472327937
3975 0.9566563210118147
3976 0.956674462291858
3977 0.9566929309098602
3978 0.9567113325516693
3979 0.9567296934013992
3980 0.9567483613293252
3981 0.9567666426974074
3982 0.9567847933262282
3983 0.9568034790825402
3984 0.9568224174358352
3985 0.9568405913064949
3986 0.9568591257973804
3987 0.9568772311213993
3988 0.9568958546885578
3989 0.9569146094980128
3990 0.9569327829243471
3991 0.9569514333366722
3992 0.9569701488387476
3993 0.9569883037713899
3994 0.9570066802786487
3995 0.9570253806449652
3996 0.9570436660659551
3997 0.9570623222144637
3998 0.9570804742827613
3999 0.9570988485106967
4000 0.9571171605624752
